0, 0, Header, 1, 1, 480
1, 0, Start_track
1, 0, Time_signature, 4, 2, 24, 8
1, 0, Key_signature, 0, "major"
1, 0, Tempo, 504202
1, 0, Control_c, 9, 121, 0
1, 0, Program_c, 9, 0
1, 0, Control_c, 9, 7, 100
1, 0, Control_c, 9, 10, 64
1, 0, Control_c, 9, 91, 0
1, 0, Control_c, 9, 93, 0
1, 0, MIDI_port, 0
1, 0, Note_on_c, 9, 57, 100
1, 0, Note_on_c, 9, 36, 100
1, 359, Note_on_c, 9, 57, 0
1, 360, Note_on_c, 9, 45, 85
1, 479, Note_on_c, 9, 36, 0
1, 479, Note_on_c, 9, 45, 0
1, 480, Note_on_c, 9, 38, 100
1, 719, Note_on_c, 9, 38, 0
1, 720, Note_on_c, 9, 57, 100
1, 720, Note_on_c, 9, 36, 100
1, 959, Note_on_c, 9, 57, 0
1, 959, Note_on_c, 9, 36, 0
1, 1140, Note_on_c, 9, 46, 100
1, 1140, Note_on_c, 9, 36, 100
1, 1199, Note_on_c, 9, 46, 0
1, 1199, Note_on_c, 9, 36, 0
1, 1320, Note_on_c, 9, 38, 100
1, 1320, Note_on_c, 9, 44, 20
1, 1320, Note_on_c, 9, 36, 100
1, 1439, Note_on_c, 9, 38, 0
1, 1439, Note_on_c, 9, 44, 0
1, 1439, Note_on_c, 9, 36, 0
1, 1440, Note_on_c, 9, 38, 100
1, 1559, Note_on_c, 9, 38, 0
1, 1560, Note_on_c, 9, 45, 100
1, 1679, Note_on_c, 9, 45, 0
1, 1740, Note_on_c, 9, 57, 100
1, 1740, Note_on_c, 9, 36, 100
1, 1919, Note_on_c, 9, 57, 0
1, 1919, Note_on_c, 9, 36, 0
1, 2100, Note_on_c, 9, 45, 85
1, 2159, Note_on_c, 9, 45, 0
1, 2160, Note_on_c, 9, 41, 100
1, 2399, Note_on_c, 9, 41, 0
1, 2400, Note_on_c, 9, 57, 100
1, 2400, Note_on_c, 9, 36, 100
1, 2639, Note_on_c, 9, 57, 0
1, 2640, Note_on_c, 9, 48, 100
1, 2879, Note_on_c, 9, 36, 0
1, 2879, Note_on_c, 9, 48, 0
1, 2880, Note_on_c, 9, 47, 100
1, 2959, Note_on_c, 9, 47, 0
1, 2960, Note_on_c, 9, 45, 100
1, 3060, Note_on_c, 9, 43, 100
1, 3119, Note_on_c, 9, 45, 0
1, 3119, Note_on_c, 9, 43, 0
1, 3120, Note_on_c, 9, 41, 100
1, 3359, Note_on_c, 9, 41, 0
1, 3360, Note_on_c, 9, 57, 100
1, 3360, Note_on_c, 9, 36, 100
1, 3719, Note_on_c, 9, 57, 0
1, 3720, Note_on_c, 9, 45, 85
1, 3839, Note_on_c, 9, 36, 0
1, 3839, Note_on_c, 9, 45, 0
1, 3840, Note_on_c, 9, 41, 100
1, 4079, Note_on_c, 9, 41, 0
1, 4080, Note_on_c, 9, 57, 100
1, 4080, Note_on_c, 9, 36, 100
1, 4319, Note_on_c, 9, 57, 0
1, 4319, Note_on_c, 9, 36, 0
1, 4500, Note_on_c, 9, 46, 100
1, 4500, Note_on_c, 9, 36, 100
1, 4559, Note_on_c, 9, 46, 0
1, 4559, Note_on_c, 9, 36, 0
1, 4680, Note_on_c, 9, 38, 100
1, 4680, Note_on_c, 9, 44, 20
1, 4680, Note_on_c, 9, 36, 100
1, 4799, Note_on_c, 9, 38, 0
1, 4799, Note_on_c, 9, 44, 0
1, 4799, Note_on_c, 9, 36, 0
1, 4800, Note_on_c, 9, 38, 100
1, 5039, Note_on_c, 9, 38, 0
1, 5040, Note_on_c, 9, 38, 100
1, 5279, Note_on_c, 9, 38, 0
1, 5280, Note_on_c, 9, 46, 115
1, 5280, Note_on_c, 9, 36, 100
1, 5519, Note_on_c, 9, 36, 0
1, 5520, Note_on_c, 9, 44, 20
1, 5759, Note_on_c, 9, 46, 0
1, 5759, Note_on_c, 9, 44, 0
1, 5760, Note_on_c, 9, 57, 100
1, 5760, Note_on_c, 9, 36, 100
1, 5999, Note_on_c, 9, 57, 0
1, 6000, Note_on_c, 9, 48, 100
1, 6239, Note_on_c, 9, 36, 0
1, 6239, Note_on_c, 9, 48, 0
1, 6240, Note_on_c, 9, 47, 100
1, 6319, Note_on_c, 9, 47, 0
1, 6320, Note_on_c, 9, 45, 100
1, 6420, Note_on_c, 9, 43, 100
1, 6479, Note_on_c, 9, 45, 0
1, 6479, Note_on_c, 9, 43, 0
1, 6480, Note_on_c, 9, 41, 100
1, 6719, Note_on_c, 9, 41, 0
1, 6720, Note_on_c, 9, 57, 100
1, 6720, Note_on_c, 9, 36, 100
1, 7079, Note_on_c, 9, 57, 0
1, 7080, Note_on_c, 9, 45, 85
1, 7199, Note_on_c, 9, 36, 0
1, 7199, Note_on_c, 9, 45, 0
1, 7200, Note_on_c, 9, 38, 100
1, 7379, Note_on_c, 9, 38, 0
1, 7380, Note_on_c, 9, 57, 100
1, 7380, Note_on_c, 9, 36, 100
1, 7439, Note_on_c, 9, 57, 0
1, 7439, Note_on_c, 9, 36, 0
1, 7800, Note_on_c, 9, 46, 100
1, 7800, Note_on_c, 9, 36, 100
1, 8039, Note_on_c, 9, 46, 0
1, 8039, Note_on_c, 9, 36, 0
1, 8040, Note_on_c, 9, 38, 100
1, 8040, Note_on_c, 9, 44, 20
1, 8040, Note_on_c, 9, 36, 100
1, 8159, Note_on_c, 9, 38, 0
1, 8159, Note_on_c, 9, 44, 0
1, 8159, Note_on_c, 9, 36, 0
1, 8160, Note_on_c, 9, 38, 100
1, 8279, Note_on_c, 9, 38, 0
1, 8280, Note_on_c, 9, 45, 100
1, 8399, Note_on_c, 9, 45, 0
1, 8460, Note_on_c, 9, 57, 100
1, 8460, Note_on_c, 9, 36, 100
1, 8639, Note_on_c, 9, 57, 0
1, 8639, Note_on_c, 9, 36, 0
1, 8820, Note_on_c, 9, 45, 85
1, 8879, Note_on_c, 9, 45, 0
1, 8880, Note_on_c, 9, 43, 100
1, 9119, Note_on_c, 9, 43, 0
1, 9120, Note_on_c, 9, 57, 100
1, 9120, Note_on_c, 9, 36, 100
1, 9359, Note_on_c, 9, 57, 0
1, 9360, Note_on_c, 9, 48, 100
1, 9599, Note_on_c, 9, 36, 0
1, 9599, Note_on_c, 9, 48, 0
1, 9600, Note_on_c, 9, 47, 100
1, 9679, Note_on_c, 9, 47, 0
1, 9680, Note_on_c, 9, 45, 100
1, 9780, Note_on_c, 9, 43, 100
1, 9839, Note_on_c, 9, 45, 0
1, 9839, Note_on_c, 9, 43, 0
1, 9840, Note_on_c, 9, 41, 100
1, 10079, Note_on_c, 9, 41, 0
1, 10080, Note_on_c, 9, 57, 100
1, 10080, Note_on_c, 9, 36, 100
1, 10439, Note_on_c, 9, 57, 0
1, 10440, Note_on_c, 9, 45, 85
1, 10559, Note_on_c, 9, 36, 0
1, 10559, Note_on_c, 9, 45, 0
1, 10560, Note_on_c, 9, 38, 100
1, 10799, Note_on_c, 9, 38, 0
1, 10800, Note_on_c, 9, 57, 100
1, 10800, Note_on_c, 9, 36, 100
1, 11039, Note_on_c, 9, 57, 0
1, 11039, Note_on_c, 9, 36, 0
1, 11220, Note_on_c, 9, 46, 100
1, 11220, Note_on_c, 9, 36, 100
1, 11279, Note_on_c, 9, 46, 0
1, 11279, Note_on_c, 9, 36, 0
1, 11400, Note_on_c, 9, 38, 100
1, 11400, Note_on_c, 9, 44, 20
1, 11400, Note_on_c, 9, 36, 100
1, 11519, Note_on_c, 9, 38, 0
1, 11519, Note_on_c, 9, 44, 0
1, 11519, Note_on_c, 9, 36, 0
1, 11520, Note_on_c, 9, 38, 100
1, 11759, Note_on_c, 9, 38, 0
1, 11760, Note_on_c, 9, 38, 100
1, 11999, Note_on_c, 9, 38, 0
1, 12000, Note_on_c, 9, 46, 115
1, 12000, Note_on_c, 9, 36, 100
1, 12119, Note_on_c, 9, 36, 0
1, 12120, Note_on_c, 9, 44, 20
1, 12479, Note_on_c, 9, 46, 0
1, 12479, Note_on_c, 9, 44, 0
1, 12480, Note_on_c, 9, 57, 85
1, 12480, Note_on_c, 9, 36, 100
1, 12959, Note_on_c, 9, 57, 0
1, 12959, Note_on_c, 9, 36, 0
1, 12960, Note_on_c, 9, 46, 115
1, 13439, Note_on_c, 9, 46, 0
1, 13440, Note_on_c, 9, 42, 100
1, 13440, Note_on_c, 9, 36, 100
1, 13679, Note_on_c, 9, 42, 0
1, 13680, Note_on_c, 9, 42, 100
1, 13919, Note_on_c, 9, 36, 0
1, 13919, Note_on_c, 9, 42, 0
1, 13920, Note_on_c, 9, 37, 115
1, 13920, Note_on_c, 9, 42, 100
1, 14159, Note_on_c, 9, 37, 0
1, 14159, Note_on_c, 9, 42, 0
1, 14160, Note_on_c, 9, 42, 100
1, 14160, Note_on_c, 9, 36, 100
1, 14399, Note_on_c, 9, 42, 0
1, 14399, Note_on_c, 9, 36, 0
1, 14400, Note_on_c, 9, 42, 100
1, 14639, Note_on_c, 9, 42, 0
1, 14640, Note_on_c, 9, 42, 100
1, 14879, Note_on_c, 9, 42, 0
1, 14880, Note_on_c, 9, 37, 115
1, 14880, Note_on_c, 9, 42, 100
1, 15119, Note_on_c, 9, 37, 0
1, 15119, Note_on_c, 9, 42, 0
1, 15120, Note_on_c, 9, 46, 100
1, 15120, Note_on_c, 9, 36, 100
1, 15359, Note_on_c, 9, 46, 0
1, 15359, Note_on_c, 9, 36, 0
1, 15360, Note_on_c, 9, 42, 100
1, 15360, Note_on_c, 9, 36, 100
1, 15599, Note_on_c, 9, 42, 0
1, 15600, Note_on_c, 9, 42, 100
1, 15839, Note_on_c, 9, 36, 0
1, 15839, Note_on_c, 9, 42, 0
1, 15840, Note_on_c, 9, 37, 115
1, 15840, Note_on_c, 9, 42, 100
1, 16079, Note_on_c, 9, 37, 0
1, 16079, Note_on_c, 9, 42, 0
1, 16080, Note_on_c, 9, 42, 100
1, 16080, Note_on_c, 9, 36, 100
1, 16319, Note_on_c, 9, 42, 0
1, 16319, Note_on_c, 9, 36, 0
1, 16320, Note_on_c, 9, 42, 100
1, 16559, Note_on_c, 9, 42, 0
1, 16560, Note_on_c, 9, 42, 100
1, 16799, Note_on_c, 9, 42, 0
1, 16800, Note_on_c, 9, 37, 115
1, 16800, Note_on_c, 9, 42, 100
1, 17039, Note_on_c, 9, 37, 0
1, 17039, Note_on_c, 9, 42, 0
1, 17040, Note_on_c, 9, 46, 100
1, 17040, Note_on_c, 9, 36, 100
1, 17279, Note_on_c, 9, 46, 0
1, 17279, Note_on_c, 9, 36, 0
1, 17280, Note_on_c, 9, 42, 100
1, 17280, Note_on_c, 9, 36, 100
1, 17519, Note_on_c, 9, 42, 0
1, 17520, Note_on_c, 9, 42, 100
1, 17759, Note_on_c, 9, 36, 0
1, 17759, Note_on_c, 9, 42, 0
1, 17760, Note_on_c, 9, 37, 115
1, 17760, Note_on_c, 9, 42, 100
1, 17999, Note_on_c, 9, 37, 0
1, 17999, Note_on_c, 9, 42, 0
1, 18000, Note_on_c, 9, 42, 100
1, 18000, Note_on_c, 9, 36, 100
1, 18239, Note_on_c, 9, 42, 0
1, 18239, Note_on_c, 9, 36, 0
1, 18240, Note_on_c, 9, 42, 100
1, 18479, Note_on_c, 9, 42, 0
1, 18480, Note_on_c, 9, 42, 100
1, 18719, Note_on_c, 9, 42, 0
1, 18720, Note_on_c, 9, 37, 115
1, 18720, Note_on_c, 9, 42, 100
1, 18959, Note_on_c, 9, 37, 0
1, 18959, Note_on_c, 9, 42, 0
1, 18960, Note_on_c, 9, 46, 100
1, 18960, Note_on_c, 9, 36, 100
1, 19199, Note_on_c, 9, 46, 0
1, 19199, Note_on_c, 9, 36, 0
1, 19200, Note_on_c, 9, 42, 100
1, 19200, Note_on_c, 9, 36, 100
1, 19439, Note_on_c, 9, 42, 0
1, 19440, Note_on_c, 9, 42, 100
1, 19679, Note_on_c, 9, 36, 0
1, 19679, Note_on_c, 9, 42, 0
1, 19680, Note_on_c, 9, 37, 115
1, 19680, Note_on_c, 9, 42, 100
1, 19919, Note_on_c, 9, 37, 0
1, 19919, Note_on_c, 9, 42, 0
1, 19920, Note_on_c, 9, 42, 100
1, 19920, Note_on_c, 9, 36, 100
1, 20159, Note_on_c, 9, 42, 0
1, 20159, Note_on_c, 9, 36, 0
1, 20160, Note_on_c, 9, 42, 100
1, 20399, Note_on_c, 9, 42, 0
1, 20400, Note_on_c, 9, 42, 100
1, 20639, Note_on_c, 9, 42, 0
1, 20640, Note_on_c, 9, 37, 115
1, 20640, Note_on_c, 9, 46, 110
1, 21119, Note_on_c, 9, 37, 0
1, 21119, Note_on_c, 9, 46, 0
1, 21120, Note_on_c, 9, 42, 100
1, 21120, Note_on_c, 9, 36, 100
1, 21359, Note_on_c, 9, 42, 0
1, 21360, Note_on_c, 9, 42, 100
1, 21599, Note_on_c, 9, 36, 0
1, 21599, Note_on_c, 9, 42, 0
1, 21600, Note_on_c, 9, 37, 115
1, 21600, Note_on_c, 9, 42, 100
1, 21839, Note_on_c, 9, 37, 0
1, 21839, Note_on_c, 9, 42, 0
1, 21840, Note_on_c, 9, 42, 100
1, 21840, Note_on_c, 9, 36, 100
1, 22079, Note_on_c, 9, 42, 0
1, 22079, Note_on_c, 9, 36, 0
1, 22080, Note_on_c, 9, 42, 100
1, 22319, Note_on_c, 9, 42, 0
1, 22320, Note_on_c, 9, 42, 100
1, 22559, Note_on_c, 9, 42, 0
1, 22560, Note_on_c, 9, 37, 115
1, 22560, Note_on_c, 9, 42, 100
1, 22799, Note_on_c, 9, 37, 0
1, 22799, Note_on_c, 9, 42, 0
1, 22800, Note_on_c, 9, 46, 100
1, 22800, Note_on_c, 9, 36, 100
1, 23039, Note_on_c, 9, 46, 0
1, 23039, Note_on_c, 9, 36, 0
1, 23040, Note_on_c, 9, 42, 100
1, 23040, Note_on_c, 9, 36, 100
1, 23279, Note_on_c, 9, 42, 0
1, 23280, Note_on_c, 9, 42, 100
1, 23519, Note_on_c, 9, 36, 0
1, 23519, Note_on_c, 9, 42, 0
1, 23520, Note_on_c, 9, 37, 115
1, 23520, Note_on_c, 9, 42, 100
1, 23759, Note_on_c, 9, 37, 0
1, 23759, Note_on_c, 9, 42, 0
1, 23760, Note_on_c, 9, 42, 100
1, 23760, Note_on_c, 9, 36, 100
1, 23999, Note_on_c, 9, 42, 0
1, 23999, Note_on_c, 9, 36, 0
1, 24000, Note_on_c, 9, 42, 100
1, 24239, Note_on_c, 9, 42, 0
1, 24240, Note_on_c, 9, 42, 100
1, 24479, Note_on_c, 9, 42, 0
1, 24480, Note_on_c, 9, 37, 115
1, 24480, Note_on_c, 9, 42, 100
1, 24719, Note_on_c, 9, 37, 0
1, 24719, Note_on_c, 9, 42, 0
1, 24720, Note_on_c, 9, 46, 100
1, 24720, Note_on_c, 9, 36, 100
1, 24959, Note_on_c, 9, 46, 0
1, 24959, Note_on_c, 9, 36, 0
1, 24960, Note_on_c, 9, 42, 100
1, 24960, Note_on_c, 9, 36, 100
1, 25199, Note_on_c, 9, 42, 0
1, 25200, Note_on_c, 9, 42, 100
1, 25439, Note_on_c, 9, 36, 0
1, 25439, Note_on_c, 9, 42, 0
1, 25440, Note_on_c, 9, 37, 115
1, 25440, Note_on_c, 9, 42, 100
1, 25679, Note_on_c, 9, 37, 0
1, 25679, Note_on_c, 9, 42, 0
1, 25680, Note_on_c, 9, 42, 100
1, 25680, Note_on_c, 9, 36, 100
1, 25919, Note_on_c, 9, 42, 0
1, 25919, Note_on_c, 9, 36, 0
1, 25920, Note_on_c, 9, 42, 100
1, 26159, Note_on_c, 9, 42, 0
1, 26160, Note_on_c, 9, 42, 100
1, 26399, Note_on_c, 9, 42, 0
1, 26400, Note_on_c, 9, 37, 115
1, 26400, Note_on_c, 9, 42, 100
1, 26639, Note_on_c, 9, 37, 0
1, 26639, Note_on_c, 9, 42, 0
1, 26640, Note_on_c, 9, 46, 100
1, 26640, Note_on_c, 9, 36, 100
1, 26879, Note_on_c, 9, 46, 0
1, 26879, Note_on_c, 9, 36, 0
1, 26880, Note_on_c, 9, 42, 100
1, 26880, Note_on_c, 9, 36, 100
1, 27119, Note_on_c, 9, 42, 0
1, 27120, Note_on_c, 9, 42, 100
1, 27359, Note_on_c, 9, 36, 0
1, 27359, Note_on_c, 9, 42, 0
1, 27360, Note_on_c, 9, 37, 115
1, 27360, Note_on_c, 9, 42, 100
1, 27599, Note_on_c, 9, 37, 0
1, 27599, Note_on_c, 9, 42, 0
1, 27600, Note_on_c, 9, 42, 100
1, 27600, Note_on_c, 9, 36, 100
1, 27839, Note_on_c, 9, 42, 0
1, 27839, Note_on_c, 9, 36, 0
1, 27840, Note_on_c, 9, 42, 100
1, 28079, Note_on_c, 9, 42, 0
1, 28080, Note_on_c, 9, 42, 100
1, 28319, Note_on_c, 9, 42, 0
1, 28320, Note_on_c, 9, 37, 115
1, 28320, Note_on_c, 9, 46, 115
1, 28799, Note_on_c, 9, 37, 0
1, 28799, Note_on_c, 9, 46, 0
1, 28800, Note_on_c, 9, 42, 100
1, 28800, Note_on_c, 9, 36, 100
1, 29039, Note_on_c, 9, 42, 0
1, 29040, Note_on_c, 9, 42, 100
1, 29279, Note_on_c, 9, 36, 0
1, 29279, Note_on_c, 9, 42, 0
1, 29280, Note_on_c, 9, 38, 115
1, 29280, Note_on_c, 9, 42, 100
1, 29519, Note_on_c, 9, 38, 0
1, 29519, Note_on_c, 9, 42, 0
1, 29520, Note_on_c, 9, 42, 100
1, 29520, Note_on_c, 9, 36, 100
1, 29759, Note_on_c, 9, 42, 0
1, 29759, Note_on_c, 9, 36, 0
1, 29760, Note_on_c, 9, 42, 100
1, 29999, Note_on_c, 9, 42, 0
1, 30000, Note_on_c, 9, 42, 100
1, 30239, Note_on_c, 9, 42, 0
1, 30240, Note_on_c, 9, 38, 115
1, 30240, Note_on_c, 9, 42, 100
1, 30479, Note_on_c, 9, 38, 0
1, 30479, Note_on_c, 9, 42, 0
1, 30480, Note_on_c, 9, 46, 100
1, 30480, Note_on_c, 9, 36, 100
1, 30719, Note_on_c, 9, 46, 0
1, 30719, Note_on_c, 9, 36, 0
1, 30720, Note_on_c, 9, 42, 100
1, 30720, Note_on_c, 9, 36, 100
1, 30959, Note_on_c, 9, 42, 0
1, 30960, Note_on_c, 9, 42, 100
1, 31199, Note_on_c, 9, 36, 0
1, 31199, Note_on_c, 9, 42, 0
1, 31200, Note_on_c, 9, 38, 115
1, 31200, Note_on_c, 9, 42, 100
1, 31439, Note_on_c, 9, 38, 0
1, 31439, Note_on_c, 9, 42, 0
1, 31440, Note_on_c, 9, 42, 100
1, 31440, Note_on_c, 9, 36, 100
1, 31679, Note_on_c, 9, 42, 0
1, 31679, Note_on_c, 9, 36, 0
1, 31680, Note_on_c, 9, 42, 100
1, 31919, Note_on_c, 9, 42, 0
1, 31920, Note_on_c, 9, 42, 100
1, 32159, Note_on_c, 9, 42, 0
1, 32160, Note_on_c, 9, 38, 115
1, 32160, Note_on_c, 9, 42, 100
1, 32399, Note_on_c, 9, 38, 0
1, 32399, Note_on_c, 9, 42, 0
1, 32400, Note_on_c, 9, 46, 100
1, 32400, Note_on_c, 9, 36, 100
1, 32639, Note_on_c, 9, 46, 0
1, 32639, Note_on_c, 9, 36, 0
1, 32640, Note_on_c, 9, 42, 100
1, 32640, Note_on_c, 9, 36, 100
1, 32879, Note_on_c, 9, 42, 0
1, 32880, Note_on_c, 9, 42, 100
1, 33119, Note_on_c, 9, 36, 0
1, 33119, Note_on_c, 9, 42, 0
1, 33120, Note_on_c, 9, 38, 115
1, 33120, Note_on_c, 9, 42, 100
1, 33359, Note_on_c, 9, 38, 0
1, 33359, Note_on_c, 9, 42, 0
1, 33360, Note_on_c, 9, 42, 100
1, 33360, Note_on_c, 9, 36, 100
1, 33599, Note_on_c, 9, 42, 0
1, 33599, Note_on_c, 9, 36, 0
1, 33600, Note_on_c, 9, 42, 100
1, 33839, Note_on_c, 9, 42, 0
1, 33840, Note_on_c, 9, 42, 100
1, 34079, Note_on_c, 9, 42, 0
1, 34080, Note_on_c, 9, 38, 115
1, 34080, Note_on_c, 9, 42, 100
1, 34319, Note_on_c, 9, 38, 0
1, 34319, Note_on_c, 9, 42, 0
1, 34320, Note_on_c, 9, 46, 100
1, 34320, Note_on_c, 9, 36, 100
1, 34559, Note_on_c, 9, 46, 0
1, 34559, Note_on_c, 9, 36, 0
1, 34560, Note_on_c, 9, 42, 100
1, 34560, Note_on_c, 9, 36, 100
1, 34799, Note_on_c, 9, 42, 0
1, 34800, Note_on_c, 9, 42, 100
1, 35039, Note_on_c, 9, 36, 0
1, 35039, Note_on_c, 9, 42, 0
1, 35040, Note_on_c, 9, 38, 115
1, 35040, Note_on_c, 9, 42, 100
1, 35279, Note_on_c, 9, 38, 0
1, 35279, Note_on_c, 9, 42, 0
1, 35280, Note_on_c, 9, 42, 100
1, 35280, Note_on_c, 9, 36, 100
1, 35519, Note_on_c, 9, 42, 0
1, 35519, Note_on_c, 9, 36, 0
1, 35520, Note_on_c, 9, 42, 100
1, 35759, Note_on_c, 9, 42, 0
1, 35760, Note_on_c, 9, 42, 100
1, 35999, Note_on_c, 9, 42, 0
1, 36000, Note_on_c, 9, 38, 115
1, 36000, Note_on_c, 9, 46, 115
1, 36479, Note_on_c, 9, 38, 0
1, 36479, Note_on_c, 9, 46, 0
1, 36480, Note_on_c, 9, 42, 100
1, 36480, Note_on_c, 9, 36, 100
1, 36719, Note_on_c, 9, 42, 0
1, 36720, Note_on_c, 9, 42, 100
1, 36959, Note_on_c, 9, 36, 0
1, 36959, Note_on_c, 9, 42, 0
1, 36960, Note_on_c, 9, 38, 115
1, 36960, Note_on_c, 9, 42, 100
1, 37199, Note_on_c, 9, 38, 0
1, 37199, Note_on_c, 9, 42, 0
1, 37200, Note_on_c, 9, 42, 100
1, 37200, Note_on_c, 9, 36, 100
1, 37439, Note_on_c, 9, 42, 0
1, 37439, Note_on_c, 9, 36, 0
1, 37440, Note_on_c, 9, 42, 100
1, 37679, Note_on_c, 9, 42, 0
1, 37680, Note_on_c, 9, 42, 100
1, 37919, Note_on_c, 9, 42, 0
1, 37920, Note_on_c, 9, 38, 115
1, 37920, Note_on_c, 9, 42, 100
1, 38159, Note_on_c, 9, 38, 0
1, 38159, Note_on_c, 9, 42, 0
1, 38160, Note_on_c, 9, 46, 100
1, 38160, Note_on_c, 9, 36, 100
1, 38399, Note_on_c, 9, 46, 0
1, 38399, Note_on_c, 9, 36, 0
1, 38400, Note_on_c, 9, 42, 100
1, 38400, Note_on_c, 9, 36, 100
1, 38639, Note_on_c, 9, 42, 0
1, 38640, Note_on_c, 9, 42, 100
1, 38879, Note_on_c, 9, 36, 0
1, 38879, Note_on_c, 9, 42, 0
1, 38880, Note_on_c, 9, 38, 115
1, 38880, Note_on_c, 9, 42, 100
1, 39119, Note_on_c, 9, 38, 0
1, 39119, Note_on_c, 9, 42, 0
1, 39120, Note_on_c, 9, 42, 100
1, 39120, Note_on_c, 9, 36, 100
1, 39359, Note_on_c, 9, 42, 0
1, 39359, Note_on_c, 9, 36, 0
1, 39360, Note_on_c, 9, 42, 100
1, 39599, Note_on_c, 9, 42, 0
1, 39600, Note_on_c, 9, 42, 100
1, 39839, Note_on_c, 9, 42, 0
1, 39840, Note_on_c, 9, 38, 115
1, 39840, Note_on_c, 9, 42, 100
1, 40079, Note_on_c, 9, 38, 0
1, 40079, Note_on_c, 9, 42, 0
1, 40080, Note_on_c, 9, 46, 100
1, 40080, Note_on_c, 9, 36, 100
1, 40319, Note_on_c, 9, 46, 0
1, 40319, Note_on_c, 9, 36, 0
1, 40320, Note_on_c, 9, 42, 100
1, 40320, Note_on_c, 9, 36, 100
1, 40559, Note_on_c, 9, 42, 0
1, 40560, Note_on_c, 9, 42, 100
1, 40799, Note_on_c, 9, 36, 0
1, 40799, Note_on_c, 9, 42, 0
1, 40800, Note_on_c, 9, 38, 115
1, 40800, Note_on_c, 9, 42, 100
1, 41039, Note_on_c, 9, 38, 0
1, 41039, Note_on_c, 9, 42, 0
1, 41040, Note_on_c, 9, 42, 100
1, 41040, Note_on_c, 9, 36, 100
1, 41279, Note_on_c, 9, 42, 0
1, 41279, Note_on_c, 9, 36, 0
1, 41280, Note_on_c, 9, 42, 100
1, 41519, Note_on_c, 9, 42, 0
1, 41520, Note_on_c, 9, 42, 100
1, 41759, Note_on_c, 9, 42, 0
1, 41760, Note_on_c, 9, 38, 115
1, 41760, Note_on_c, 9, 42, 100
1, 41999, Note_on_c, 9, 38, 0
1, 41999, Note_on_c, 9, 42, 0
1, 42000, Note_on_c, 9, 46, 100
1, 42000, Note_on_c, 9, 36, 100
1, 42239, Note_on_c, 9, 46, 0
1, 42239, Note_on_c, 9, 36, 0
1, 42240, Note_on_c, 9, 42, 100
1, 42240, Note_on_c, 9, 36, 100
1, 42479, Note_on_c, 9, 42, 0
1, 42480, Note_on_c, 9, 42, 100
1, 42719, Note_on_c, 9, 36, 0
1, 42719, Note_on_c, 9, 42, 0
1, 42720, Note_on_c, 9, 38, 115
1, 42720, Note_on_c, 9, 42, 100
1, 42959, Note_on_c, 9, 38, 0
1, 42959, Note_on_c, 9, 42, 0
1, 42960, Note_on_c, 9, 57, 100
1, 42960, Note_on_c, 9, 36, 100
1, 43199, Note_on_c, 9, 57, 0
1, 43199, Note_on_c, 9, 36, 0
1, 43320, Note_on_c, 9, 48, 100
1, 43559, Note_on_c, 9, 48, 0
1, 43560, Note_on_c, 9, 47, 100
1, 43679, Note_on_c, 9, 47, 0
1, 43680, Note_on_c, 9, 45, 100
1, 43800, Note_on_c, 9, 43, 100
1, 43919, Note_on_c, 9, 45, 0
1, 43920, Note_on_c, 9, 41, 100
1, 44159, Note_on_c, 9, 43, 0
1, 44159, Note_on_c, 9, 41, 0
1, 44160, Note_on_c, 9, 42, 100
1, 44160, Note_on_c, 9, 36, 100
1, 44399, Note_on_c, 9, 42, 0
1, 44400, Note_on_c, 9, 42, 100
1, 44639, Note_on_c, 9, 36, 0
1, 44639, Note_on_c, 9, 42, 0
1, 44640, Note_on_c, 9, 37, 115
1, 44640, Note_on_c, 9, 42, 100
1, 44879, Note_on_c, 9, 37, 0
1, 44879, Note_on_c, 9, 42, 0
1, 44880, Note_on_c, 9, 42, 100
1, 44880, Note_on_c, 9, 36, 100
1, 45119, Note_on_c, 9, 42, 0
1, 45119, Note_on_c, 9, 36, 0
1, 45120, Note_on_c, 9, 42, 100
1, 45359, Note_on_c, 9, 42, 0
1, 45360, Note_on_c, 9, 42, 100
1, 45599, Note_on_c, 9, 42, 0
1, 45600, Note_on_c, 9, 37, 115
1, 45600, Note_on_c, 9, 42, 100
1, 45839, Note_on_c, 9, 37, 0
1, 45839, Note_on_c, 9, 42, 0
1, 45840, Note_on_c, 9, 46, 100
1, 45840, Note_on_c, 9, 36, 100
1, 46079, Note_on_c, 9, 46, 0
1, 46079, Note_on_c, 9, 36, 0
1, 46080, Note_on_c, 9, 42, 100
1, 46080, Note_on_c, 9, 36, 100
1, 46319, Note_on_c, 9, 42, 0
1, 46320, Note_on_c, 9, 42, 100
1, 46559, Note_on_c, 9, 36, 0
1, 46559, Note_on_c, 9, 42, 0
1, 46560, Note_on_c, 9, 37, 115
1, 46560, Note_on_c, 9, 42, 100
1, 46799, Note_on_c, 9, 37, 0
1, 46799, Note_on_c, 9, 42, 0
1, 46800, Note_on_c, 9, 42, 100
1, 46800, Note_on_c, 9, 36, 100
1, 47039, Note_on_c, 9, 42, 0
1, 47039, Note_on_c, 9, 36, 0
1, 47040, Note_on_c, 9, 42, 100
1, 47279, Note_on_c, 9, 42, 0
1, 47280, Note_on_c, 9, 42, 100
1, 47519, Note_on_c, 9, 42, 0
1, 47520, Note_on_c, 9, 37, 115
1, 47520, Note_on_c, 9, 42, 100
1, 47759, Note_on_c, 9, 37, 0
1, 47759, Note_on_c, 9, 42, 0
1, 47760, Note_on_c, 9, 46, 100
1, 47760, Note_on_c, 9, 36, 100
1, 47999, Note_on_c, 9, 46, 0
1, 47999, Note_on_c, 9, 36, 0
1, 48000, Note_on_c, 9, 42, 100
1, 48000, Note_on_c, 9, 36, 100
1, 48239, Note_on_c, 9, 42, 0
1, 48240, Note_on_c, 9, 42, 100
1, 48479, Note_on_c, 9, 36, 0
1, 48479, Note_on_c, 9, 42, 0
1, 48480, Note_on_c, 9, 37, 115
1, 48480, Note_on_c, 9, 42, 100
1, 48719, Note_on_c, 9, 37, 0
1, 48719, Note_on_c, 9, 42, 0
1, 48720, Note_on_c, 9, 42, 100
1, 48720, Note_on_c, 9, 36, 100
1, 48959, Note_on_c, 9, 42, 0
1, 48959, Note_on_c, 9, 36, 0
1, 48960, Note_on_c, 9, 42, 100
1, 49199, Note_on_c, 9, 42, 0
1, 49200, Note_on_c, 9, 42, 100
1, 49439, Note_on_c, 9, 42, 0
1, 49440, Note_on_c, 9, 37, 115
1, 49440, Note_on_c, 9, 42, 100
1, 49679, Note_on_c, 9, 37, 0
1, 49679, Note_on_c, 9, 42, 0
1, 49680, Note_on_c, 9, 46, 100
1, 49680, Note_on_c, 9, 36, 100
1, 49919, Note_on_c, 9, 46, 0
1, 49919, Note_on_c, 9, 36, 0
1, 49920, Note_on_c, 9, 42, 100
1, 49920, Note_on_c, 9, 36, 100
1, 50159, Note_on_c, 9, 42, 0
1, 50160, Note_on_c, 9, 42, 100
1, 50399, Note_on_c, 9, 36, 0
1, 50399, Note_on_c, 9, 42, 0
1, 50400, Note_on_c, 9, 37, 115
1, 50400, Note_on_c, 9, 42, 100
1, 50639, Note_on_c, 9, 37, 0
1, 50639, Note_on_c, 9, 42, 0
1, 50640, Note_on_c, 9, 42, 100
1, 50640, Note_on_c, 9, 36, 100
1, 50879, Note_on_c, 9, 42, 0
1, 50879, Note_on_c, 9, 36, 0
1, 50880, Note_on_c, 9, 42, 100
1, 51119, Note_on_c, 9, 42, 0
1, 51120, Note_on_c, 9, 42, 100
1, 51359, Note_on_c, 9, 42, 0
1, 51360, Note_on_c, 9, 37, 115
1, 51360, Note_on_c, 9, 46, 110
1, 51839, Note_on_c, 9, 37, 0
1, 51839, Note_on_c, 9, 46, 0
1, 51840, Note_on_c, 9, 42, 100
1, 51840, Note_on_c, 9, 36, 100
1, 52079, Note_on_c, 9, 42, 0
1, 52080, Note_on_c, 9, 42, 100
1, 52319, Note_on_c, 9, 36, 0
1, 52319, Note_on_c, 9, 42, 0
1, 52320, Note_on_c, 9, 37, 115
1, 52320, Note_on_c, 9, 42, 100
1, 52559, Note_on_c, 9, 37, 0
1, 52559, Note_on_c, 9, 42, 0
1, 52560, Note_on_c, 9, 42, 100
1, 52560, Note_on_c, 9, 36, 100
1, 52799, Note_on_c, 9, 42, 0
1, 52799, Note_on_c, 9, 36, 0
1, 52800, Note_on_c, 9, 42, 100
1, 53039, Note_on_c, 9, 42, 0
1, 53040, Note_on_c, 9, 42, 100
1, 53279, Note_on_c, 9, 42, 0
1, 53280, Note_on_c, 9, 37, 115
1, 53280, Note_on_c, 9, 42, 100
1, 53519, Note_on_c, 9, 37, 0
1, 53519, Note_on_c, 9, 42, 0
1, 53520, Note_on_c, 9, 46, 100
1, 53520, Note_on_c, 9, 36, 100
1, 53759, Note_on_c, 9, 46, 0
1, 53759, Note_on_c, 9, 36, 0
1, 53760, Note_on_c, 9, 42, 100
1, 53760, Note_on_c, 9, 36, 100
1, 53999, Note_on_c, 9, 42, 0
1, 54000, Note_on_c, 9, 42, 100
1, 54239, Note_on_c, 9, 36, 0
1, 54239, Note_on_c, 9, 42, 0
1, 54240, Note_on_c, 9, 37, 115
1, 54240, Note_on_c, 9, 42, 100
1, 54479, Note_on_c, 9, 37, 0
1, 54479, Note_on_c, 9, 42, 0
1, 54480, Note_on_c, 9, 42, 100
1, 54480, Note_on_c, 9, 36, 100
1, 54719, Note_on_c, 9, 42, 0
1, 54719, Note_on_c, 9, 36, 0
1, 54720, Note_on_c, 9, 42, 100
1, 54959, Note_on_c, 9, 42, 0
1, 54960, Note_on_c, 9, 42, 100
1, 55199, Note_on_c, 9, 42, 0
1, 55200, Note_on_c, 9, 37, 115
1, 55200, Note_on_c, 9, 42, 100
1, 55439, Note_on_c, 9, 37, 0
1, 55439, Note_on_c, 9, 42, 0
1, 55440, Note_on_c, 9, 46, 100
1, 55440, Note_on_c, 9, 36, 100
1, 55679, Note_on_c, 9, 46, 0
1, 55679, Note_on_c, 9, 36, 0
1, 55680, Note_on_c, 9, 42, 100
1, 55680, Note_on_c, 9, 36, 100
1, 55919, Note_on_c, 9, 42, 0
1, 55920, Note_on_c, 9, 42, 100
1, 56159, Note_on_c, 9, 36, 0
1, 56159, Note_on_c, 9, 42, 0
1, 56160, Note_on_c, 9, 37, 115
1, 56160, Note_on_c, 9, 42, 100
1, 56399, Note_on_c, 9, 37, 0
1, 56399, Note_on_c, 9, 42, 0
1, 56400, Note_on_c, 9, 42, 100
1, 56400, Note_on_c, 9, 36, 100
1, 56639, Note_on_c, 9, 42, 0
1, 56639, Note_on_c, 9, 36, 0
1, 56640, Note_on_c, 9, 42, 100
1, 56879, Note_on_c, 9, 42, 0
1, 56880, Note_on_c, 9, 42, 100
1, 57119, Note_on_c, 9, 42, 0
1, 57120, Note_on_c, 9, 37, 115
1, 57120, Note_on_c, 9, 42, 100
1, 57359, Note_on_c, 9, 37, 0
1, 57359, Note_on_c, 9, 42, 0
1, 57360, Note_on_c, 9, 46, 100
1, 57360, Note_on_c, 9, 36, 100
1, 57599, Note_on_c, 9, 46, 0
1, 57599, Note_on_c, 9, 36, 0
1, 57600, Note_on_c, 9, 42, 100
1, 57600, Note_on_c, 9, 36, 100
1, 57839, Note_on_c, 9, 42, 0
1, 57840, Note_on_c, 9, 42, 100
1, 58079, Note_on_c, 9, 36, 0
1, 58079, Note_on_c, 9, 42, 0
1, 58080, Note_on_c, 9, 37, 115
1, 58080, Note_on_c, 9, 42, 100
1, 58319, Note_on_c, 9, 37, 0
1, 58319, Note_on_c, 9, 42, 0
1, 58320, Note_on_c, 9, 42, 100
1, 58320, Note_on_c, 9, 36, 100
1, 58559, Note_on_c, 9, 42, 0
1, 58559, Note_on_c, 9, 36, 0
1, 58560, Note_on_c, 9, 42, 100
1, 58799, Note_on_c, 9, 42, 0
1, 58800, Note_on_c, 9, 42, 100
1, 59039, Note_on_c, 9, 42, 0
1, 59040, Note_on_c, 9, 37, 115
1, 59040, Note_on_c, 9, 46, 115
1, 59519, Note_on_c, 9, 37, 0
1, 59519, Note_on_c, 9, 46, 0
1, 59520, Note_on_c, 9, 42, 100
1, 59520, Note_on_c, 9, 36, 100
1, 59759, Note_on_c, 9, 42, 0
1, 59760, Note_on_c, 9, 42, 100
1, 59999, Note_on_c, 9, 36, 0
1, 59999, Note_on_c, 9, 42, 0
1, 60000, Note_on_c, 9, 38, 115
1, 60000, Note_on_c, 9, 42, 100
1, 60239, Note_on_c, 9, 38, 0
1, 60239, Note_on_c, 9, 42, 0
1, 60240, Note_on_c, 9, 42, 100
1, 60240, Note_on_c, 9, 36, 100
1, 60479, Note_on_c, 9, 42, 0
1, 60479, Note_on_c, 9, 36, 0
1, 60480, Note_on_c, 9, 42, 100
1, 60719, Note_on_c, 9, 42, 0
1, 60720, Note_on_c, 9, 42, 100
1, 60959, Note_on_c, 9, 42, 0
1, 60960, Note_on_c, 9, 38, 115
1, 60960, Note_on_c, 9, 42, 100
1, 61199, Note_on_c, 9, 38, 0
1, 61199, Note_on_c, 9, 42, 0
1, 61200, Note_on_c, 9, 46, 100
1, 61200, Note_on_c, 9, 36, 100
1, 61439, Note_on_c, 9, 46, 0
1, 61439, Note_on_c, 9, 36, 0
1, 61440, Note_on_c, 9, 42, 100
1, 61440, Note_on_c, 9, 36, 100
1, 61679, Note_on_c, 9, 42, 0
1, 61680, Note_on_c, 9, 42, 100
1, 61919, Note_on_c, 9, 36, 0
1, 61919, Note_on_c, 9, 42, 0
1, 61920, Note_on_c, 9, 38, 115
1, 61920, Note_on_c, 9, 42, 100
1, 62159, Note_on_c, 9, 38, 0
1, 62159, Note_on_c, 9, 42, 0
1, 62160, Note_on_c, 9, 42, 100
1, 62160, Note_on_c, 9, 36, 100
1, 62399, Note_on_c, 9, 42, 0
1, 62399, Note_on_c, 9, 36, 0
1, 62400, Note_on_c, 9, 42, 100
1, 62639, Note_on_c, 9, 42, 0
1, 62640, Note_on_c, 9, 42, 100
1, 62879, Note_on_c, 9, 42, 0
1, 62880, Note_on_c, 9, 38, 115
1, 62880, Note_on_c, 9, 42, 100
1, 63119, Note_on_c, 9, 38, 0
1, 63119, Note_on_c, 9, 42, 0
1, 63120, Note_on_c, 9, 46, 100
1, 63120, Note_on_c, 9, 36, 100
1, 63359, Note_on_c, 9, 46, 0
1, 63359, Note_on_c, 9, 36, 0
1, 63360, Note_on_c, 9, 42, 100
1, 63360, Note_on_c, 9, 36, 100
1, 63599, Note_on_c, 9, 42, 0
1, 63600, Note_on_c, 9, 42, 100
1, 63839, Note_on_c, 9, 36, 0
1, 63839, Note_on_c, 9, 42, 0
1, 63840, Note_on_c, 9, 38, 115
1, 63840, Note_on_c, 9, 42, 100
1, 64079, Note_on_c, 9, 38, 0
1, 64079, Note_on_c, 9, 42, 0
1, 64080, Note_on_c, 9, 42, 100
1, 64080, Note_on_c, 9, 36, 100
1, 64319, Note_on_c, 9, 42, 0
1, 64319, Note_on_c, 9, 36, 0
1, 64320, Note_on_c, 9, 42, 100
1, 64559, Note_on_c, 9, 42, 0
1, 64560, Note_on_c, 9, 42, 100
1, 64799, Note_on_c, 9, 42, 0
1, 64800, Note_on_c, 9, 38, 115
1, 64800, Note_on_c, 9, 42, 100
1, 65039, Note_on_c, 9, 38, 0
1, 65039, Note_on_c, 9, 42, 0
1, 65040, Note_on_c, 9, 46, 100
1, 65040, Note_on_c, 9, 36, 100
1, 65279, Note_on_c, 9, 46, 0
1, 65279, Note_on_c, 9, 36, 0
1, 65280, Note_on_c, 9, 42, 100
1, 65280, Note_on_c, 9, 36, 100
1, 65519, Note_on_c, 9, 42, 0
1, 65520, Note_on_c, 9, 42, 100
1, 65759, Note_on_c, 9, 36, 0
1, 65759, Note_on_c, 9, 42, 0
1, 65760, Note_on_c, 9, 38, 115
1, 65760, Note_on_c, 9, 42, 100
1, 65999, Note_on_c, 9, 38, 0
1, 65999, Note_on_c, 9, 42, 0
1, 66000, Note_on_c, 9, 42, 100
1, 66000, Note_on_c, 9, 36, 100
1, 66239, Note_on_c, 9, 42, 0
1, 66239, Note_on_c, 9, 36, 0
1, 66240, Note_on_c, 9, 42, 100
1, 66479, Note_on_c, 9, 42, 0
1, 66480, Note_on_c, 9, 42, 100
1, 66719, Note_on_c, 9, 42, 0
1, 66720, Note_on_c, 9, 38, 115
1, 66720, Note_on_c, 9, 46, 115
1, 67199, Note_on_c, 9, 38, 0
1, 67199, Note_on_c, 9, 46, 0
1, 67200, Note_on_c, 9, 42, 100
1, 67200, Note_on_c, 9, 36, 100
1, 67439, Note_on_c, 9, 42, 0
1, 67440, Note_on_c, 9, 42, 100
1, 67679, Note_on_c, 9, 36, 0
1, 67679, Note_on_c, 9, 42, 0
1, 67680, Note_on_c, 9, 38, 115
1, 67680, Note_on_c, 9, 42, 100
1, 67919, Note_on_c, 9, 38, 0
1, 67919, Note_on_c, 9, 42, 0
1, 67920, Note_on_c, 9, 42, 100
1, 67920, Note_on_c, 9, 36, 100
1, 68159, Note_on_c, 9, 42, 0
1, 68159, Note_on_c, 9, 36, 0
1, 68160, Note_on_c, 9, 42, 100
1, 68399, Note_on_c, 9, 42, 0
1, 68400, Note_on_c, 9, 42, 100
1, 68639, Note_on_c, 9, 42, 0
1, 68640, Note_on_c, 9, 38, 115
1, 68640, Note_on_c, 9, 42, 100
1, 68879, Note_on_c, 9, 38, 0
1, 68879, Note_on_c, 9, 42, 0
1, 68880, Note_on_c, 9, 46, 100
1, 68880, Note_on_c, 9, 36, 100
1, 69119, Note_on_c, 9, 46, 0
1, 69119, Note_on_c, 9, 36, 0
1, 69120, Note_on_c, 9, 42, 100
1, 69120, Note_on_c, 9, 36, 100
1, 69359, Note_on_c, 9, 42, 0
1, 69360, Note_on_c, 9, 42, 100
1, 69599, Note_on_c, 9, 36, 0
1, 69599, Note_on_c, 9, 42, 0
1, 69600, Note_on_c, 9, 38, 115
1, 69600, Note_on_c, 9, 42, 100
1, 69839, Note_on_c, 9, 38, 0
1, 69839, Note_on_c, 9, 42, 0
1, 69840, Note_on_c, 9, 42, 100
1, 69840, Note_on_c, 9, 36, 100
1, 70079, Note_on_c, 9, 42, 0
1, 70079, Note_on_c, 9, 36, 0
1, 70080, Note_on_c, 9, 42, 100
1, 70319, Note_on_c, 9, 42, 0
1, 70320, Note_on_c, 9, 42, 100
1, 70559, Note_on_c, 9, 42, 0
1, 70560, Note_on_c, 9, 38, 115
1, 70560, Note_on_c, 9, 42, 100
1, 70799, Note_on_c, 9, 38, 0
1, 70799, Note_on_c, 9, 42, 0
1, 70800, Note_on_c, 9, 46, 100
1, 70800, Note_on_c, 9, 36, 100
1, 71039, Note_on_c, 9, 46, 0
1, 71039, Note_on_c, 9, 36, 0
1, 71040, Note_on_c, 9, 42, 100
1, 71040, Note_on_c, 9, 36, 100
1, 71279, Note_on_c, 9, 42, 0
1, 71280, Note_on_c, 9, 42, 100
1, 71519, Note_on_c, 9, 36, 0
1, 71519, Note_on_c, 9, 42, 0
1, 71520, Note_on_c, 9, 38, 115
1, 71520, Note_on_c, 9, 42, 100
1, 71759, Note_on_c, 9, 38, 0
1, 71759, Note_on_c, 9, 42, 0
1, 71760, Note_on_c, 9, 42, 100
1, 71760, Note_on_c, 9, 36, 100
1, 71999, Note_on_c, 9, 42, 0
1, 71999, Note_on_c, 9, 36, 0
1, 72000, Note_on_c, 9, 42, 100
1, 72239, Note_on_c, 9, 42, 0
1, 72240, Note_on_c, 9, 42, 100
1, 72479, Note_on_c, 9, 42, 0
1, 72480, Note_on_c, 9, 38, 115
1, 72480, Note_on_c, 9, 42, 100
1, 72719, Note_on_c, 9, 38, 0
1, 72719, Note_on_c, 9, 42, 0
1, 72720, Note_on_c, 9, 46, 100
1, 72720, Note_on_c, 9, 36, 100
1, 72959, Note_on_c, 9, 46, 0
1, 72959, Note_on_c, 9, 36, 0
1, 72960, Note_on_c, 9, 42, 100
1, 72960, Note_on_c, 9, 36, 100
1, 73199, Note_on_c, 9, 42, 0
1, 73200, Note_on_c, 9, 42, 100
1, 73439, Note_on_c, 9, 36, 0
1, 73439, Note_on_c, 9, 42, 0
1, 73440, Note_on_c, 9, 38, 115
1, 73440, Note_on_c, 9, 42, 100
1, 73679, Note_on_c, 9, 38, 0
1, 73679, Note_on_c, 9, 42, 0
1, 73680, Note_on_c, 9, 57, 100
1, 73680, Note_on_c, 9, 36, 100
1, 73919, Note_on_c, 9, 57, 0
1, 73919, Note_on_c, 9, 36, 0
1, 74040, Note_on_c, 9, 48, 100
1, 74279, Note_on_c, 9, 48, 0
1, 74280, Note_on_c, 9, 47, 100
1, 74399, Note_on_c, 9, 47, 0
1, 74400, Note_on_c, 9, 45, 100
1, 74520, Note_on_c, 9, 43, 100
1, 74639, Note_on_c, 9, 45, 0
1, 74640, Note_on_c, 9, 41, 100
1, 74879, Note_on_c, 9, 43, 0
1, 74879, Note_on_c, 9, 41, 0
1, 74880, Note_on_c, 9, 42, 100
1, 74880, Note_on_c, 9, 36, 100
1, 75119, Note_on_c, 9, 42, 0
1, 75120, Note_on_c, 9, 42, 100
1, 75359, Note_on_c, 9, 36, 0
1, 75359, Note_on_c, 9, 42, 0
1, 75360, Note_on_c, 9, 38, 115
1, 75360, Note_on_c, 9, 42, 100
1, 75599, Note_on_c, 9, 38, 0
1, 75599, Note_on_c, 9, 42, 0
1, 75600, Note_on_c, 9, 42, 100
1, 75600, Note_on_c, 9, 36, 100
1, 75839, Note_on_c, 9, 42, 0
1, 75839, Note_on_c, 9, 36, 0
1, 75840, Note_on_c, 9, 42, 100
1, 76079, Note_on_c, 9, 42, 0
1, 76080, Note_on_c, 9, 42, 100
1, 76319, Note_on_c, 9, 42, 0
1, 76320, Note_on_c, 9, 38, 115
1, 76320, Note_on_c, 9, 42, 100
1, 76559, Note_on_c, 9, 38, 0
1, 76559, Note_on_c, 9, 42, 0
1, 76560, Note_on_c, 9, 46, 100
1, 76799, Note_on_c, 9, 46, 0
1, 76800, Note_on_c, 9, 42, 100
1, 76800, Note_on_c, 9, 36, 100
1, 77039, Note_on_c, 9, 42, 0
1, 77040, Note_on_c, 9, 42, 100
1, 77279, Note_on_c, 9, 36, 0
1, 77279, Note_on_c, 9, 42, 0
1, 77280, Note_on_c, 9, 38, 115
1, 77280, Note_on_c, 9, 42, 100
1, 77519, Note_on_c, 9, 38, 0
1, 77519, Note_on_c, 9, 42, 0
1, 77520, Note_on_c, 9, 42, 100
1, 77520, Note_on_c, 9, 36, 100
1, 77759, Note_on_c, 9, 42, 0
1, 77759, Note_on_c, 9, 36, 0
1, 77760, Note_on_c, 9, 42, 100
1, 77999, Note_on_c, 9, 42, 0
1, 78000, Note_on_c, 9, 42, 100
1, 78239, Note_on_c, 9, 42, 0
1, 78240, Note_on_c, 9, 38, 115
1, 78240, Note_on_c, 9, 42, 100
1, 78479, Note_on_c, 9, 38, 0
1, 78479, Note_on_c, 9, 42, 0
1, 78480, Note_on_c, 9, 46, 100
1, 78719, Note_on_c, 9, 46, 0
1, 78720, Note_on_c, 9, 42, 100
1, 78720, Note_on_c, 9, 36, 100
1, 78959, Note_on_c, 9, 42, 0
1, 78960, Note_on_c, 9, 42, 100
1, 79199, Note_on_c, 9, 36, 0
1, 79199, Note_on_c, 9, 42, 0
1, 79200, Note_on_c, 9, 38, 115
1, 79200, Note_on_c, 9, 42, 100
1, 79439, Note_on_c, 9, 38, 0
1, 79439, Note_on_c, 9, 42, 0
1, 79440, Note_on_c, 9, 42, 100
1, 79440, Note_on_c, 9, 36, 100
1, 79679, Note_on_c, 9, 42, 0
1, 79679, Note_on_c, 9, 36, 0
1, 79680, Note_on_c, 9, 42, 100
1, 79919, Note_on_c, 9, 42, 0
1, 79920, Note_on_c, 9, 42, 100
1, 80159, Note_on_c, 9, 42, 0
1, 80160, Note_on_c, 9, 38, 115
1, 80160, Note_on_c, 9, 42, 100
1, 80399, Note_on_c, 9, 38, 0
1, 80399, Note_on_c, 9, 42, 0
1, 80400, Note_on_c, 9, 46, 100
1, 80639, Note_on_c, 9, 46, 0
1, 80640, Note_on_c, 9, 42, 100
1, 80640, Note_on_c, 9, 36, 100
1, 80879, Note_on_c, 9, 42, 0
1, 80880, Note_on_c, 9, 42, 100
1, 81119, Note_on_c, 9, 36, 0
1, 81119, Note_on_c, 9, 42, 0
1, 81120, Note_on_c, 9, 38, 115
1, 81120, Note_on_c, 9, 42, 100
1, 81359, Note_on_c, 9, 38, 0
1, 81359, Note_on_c, 9, 42, 0
1, 81360, Note_on_c, 9, 42, 100
1, 81360, Note_on_c, 9, 36, 100
1, 81599, Note_on_c, 9, 42, 0
1, 81599, Note_on_c, 9, 36, 0
1, 81600, Note_on_c, 9, 42, 100
1, 81839, Note_on_c, 9, 42, 0
1, 81840, Note_on_c, 9, 42, 100
1, 82079, Note_on_c, 9, 42, 0
1, 82080, Note_on_c, 9, 38, 115
1, 82080, Note_on_c, 9, 42, 100
1, 82319, Note_on_c, 9, 38, 0
1, 82319, Note_on_c, 9, 42, 0
1, 82320, Note_on_c, 9, 46, 100
1, 82559, Note_on_c, 9, 46, 0
1, 82560, Note_on_c, 9, 42, 100
1, 82560, Note_on_c, 9, 36, 100
1, 82799, Note_on_c, 9, 42, 0
1, 82800, Note_on_c, 9, 42, 100
1, 83039, Note_on_c, 9, 36, 0
1, 83039, Note_on_c, 9, 42, 0
1, 83040, Note_on_c, 9, 38, 115
1, 83040, Note_on_c, 9, 42, 100
1, 83279, Note_on_c, 9, 38, 0
1, 83279, Note_on_c, 9, 42, 0
1, 83280, Note_on_c, 9, 42, 100
1, 83280, Note_on_c, 9, 36, 100
1, 83519, Note_on_c, 9, 42, 0
1, 83519, Note_on_c, 9, 36, 0
1, 83520, Note_on_c, 9, 42, 100
1, 83759, Note_on_c, 9, 42, 0
1, 83760, Note_on_c, 9, 42, 100
1, 83999, Note_on_c, 9, 42, 0
1, 84000, Note_on_c, 9, 38, 115
1, 84000, Note_on_c, 9, 42, 100
1, 84239, Note_on_c, 9, 38, 0
1, 84239, Note_on_c, 9, 42, 0
1, 84240, Note_on_c, 9, 46, 100
1, 84479, Note_on_c, 9, 46, 0
1, 84480, Note_on_c, 9, 42, 100
1, 84480, Note_on_c, 9, 36, 100
1, 84719, Note_on_c, 9, 42, 0
1, 84720, Note_on_c, 9, 42, 100
1, 84959, Note_on_c, 9, 36, 0
1, 84959, Note_on_c, 9, 42, 0
1, 84960, Note_on_c, 9, 38, 115
1, 84960, Note_on_c, 9, 42, 100
1, 85199, Note_on_c, 9, 38, 0
1, 85199, Note_on_c, 9, 42, 0
1, 85200, Note_on_c, 9, 42, 100
1, 85200, Note_on_c, 9, 36, 100
1, 85439, Note_on_c, 9, 42, 0
1, 85439, Note_on_c, 9, 36, 0
1, 85440, Note_on_c, 9, 42, 100
1, 85679, Note_on_c, 9, 42, 0
1, 85680, Note_on_c, 9, 42, 100
1, 85919, Note_on_c, 9, 42, 0
1, 85920, Note_on_c, 9, 38, 115
1, 85920, Note_on_c, 9, 42, 100
1, 86159, Note_on_c, 9, 38, 0
1, 86159, Note_on_c, 9, 42, 0
1, 86160, Note_on_c, 9, 46, 100
1, 86160, Note_on_c, 9, 57, 100
1, 86399, Note_on_c, 9, 46, 0
1, 86399, Note_on_c, 9, 57, 0
1, 86400, Note_on_c, 9, 36, 100
1, 86640, Note_on_c, 9, 48, 100
1, 86759, Note_on_c, 9, 48, 0
1, 86760, Note_on_c, 9, 45, 100
1, 86879, Note_on_c, 9, 36, 0
1, 86879, Note_on_c, 9, 45, 0
1, 86880, Note_on_c, 9, 43, 100
1, 87119, Note_on_c, 9, 43, 0
1, 87120, Note_on_c, 9, 57, 100
1, 87120, Note_on_c, 9, 36, 115
1, 87359, Note_on_c, 9, 57, 0
1, 87359, Note_on_c, 9, 36, 0
1, 87600, Note_on_c, 9, 36, 100
1, 87839, Note_on_c, 9, 36, 0
1, 87840, Note_on_c, 9, 57, 100
1, 87840, Note_on_c, 9, 36, 115
1, 88319, Note_on_c, 9, 57, 0
1, 88319, Note_on_c, 9, 36, 0
1, 88320, Note_on_c, 9, 42, 100
1, 88320, Note_on_c, 9, 49, 100
1, 88320, Note_on_c, 9, 36, 100
1, 88559, Note_on_c, 9, 42, 0
1, 88559, Note_on_c, 9, 49, 0
1, 88560, Note_on_c, 9, 42, 100
1, 88799, Note_on_c, 9, 36, 0
1, 88799, Note_on_c, 9, 42, 0
1, 88800, Note_on_c, 9, 44, 100
1, 89039, Note_on_c, 9, 44, 0
1, 89040, Note_on_c, 9, 57, 100
1, 89040, Note_on_c, 9, 44, 100
1, 89279, Note_on_c, 9, 57, 0
1, 89279, Note_on_c, 9, 44, 0
1, 89280, Note_on_c, 9, 44, 100
1, 89400, Note_on_c, 9, 48, 100
1, 89639, Note_on_c, 9, 48, 0
1, 89640, Note_on_c, 9, 47, 100
1, 89759, Note_on_c, 9, 44, 0
1, 89759, Note_on_c, 9, 47, 0
1, 89760, Note_on_c, 9, 45, 100
1, 89760, Note_on_c, 9, 36, 100
1, 89879, Note_on_c, 9, 36, 0
1, 89880, Note_on_c, 9, 43, 100
1, 89999, Note_on_c, 9, 45, 0
1, 90000, Note_on_c, 9, 41, 100
1, 90239, Note_on_c, 9, 43, 0
1, 90239, Note_on_c, 9, 41, 0
1, 90240, Note_on_c, 9, 42, 100
1, 90240, Note_on_c, 9, 36, 100
1, 90479, Note_on_c, 9, 42, 0
1, 90480, Note_on_c, 9, 42, 100
1, 90719, Note_on_c, 9, 36, 0
1, 90719, Note_on_c, 9, 42, 0
1, 90720, Note_on_c, 9, 38, 115
1, 90720, Note_on_c, 9, 42, 100
1, 90959, Note_on_c, 9, 38, 0
1, 90959, Note_on_c, 9, 42, 0
1, 90960, Note_on_c, 9, 42, 100
1, 90960, Note_on_c, 9, 36, 100
1, 91199, Note_on_c, 9, 42, 0
1, 91199, Note_on_c, 9, 36, 0
1, 91200, Note_on_c, 9, 42, 100
1, 91439, Note_on_c, 9, 42, 0
1, 91440, Note_on_c, 9, 42, 100
1, 91679, Note_on_c, 9, 42, 0
1, 91680, Note_on_c, 9, 38, 115
1, 91680, Note_on_c, 9, 42, 100
1, 91919, Note_on_c, 9, 38, 0
1, 91919, Note_on_c, 9, 42, 0
1, 91920, Note_on_c, 9, 46, 100
1, 91920, Note_on_c, 9, 36, 100
1, 92159, Note_on_c, 9, 46, 0
1, 92159, Note_on_c, 9, 36, 0
1, 92160, Note_on_c, 9, 42, 100
1, 92160, Note_on_c, 9, 36, 100
1, 92399, Note_on_c, 9, 42, 0
1, 92400, Note_on_c, 9, 42, 100
1, 92639, Note_on_c, 9, 36, 0
1, 92639, Note_on_c, 9, 42, 0
1, 92640, Note_on_c, 9, 38, 115
1, 92640, Note_on_c, 9, 42, 100
1, 92879, Note_on_c, 9, 38, 0
1, 92879, Note_on_c, 9, 42, 0
1, 92880, Note_on_c, 9, 42, 100
1, 92880, Note_on_c, 9, 36, 100
1, 93119, Note_on_c, 9, 42, 0
1, 93119, Note_on_c, 9, 36, 0
1, 93120, Note_on_c, 9, 42, 100
1, 93359, Note_on_c, 9, 42, 0
1, 93360, Note_on_c, 9, 42, 100
1, 93599, Note_on_c, 9, 42, 0
1, 93600, Note_on_c, 9, 38, 115
1, 93600, Note_on_c, 9, 42, 100
1, 93839, Note_on_c, 9, 38, 0
1, 93839, Note_on_c, 9, 42, 0
1, 93840, Note_on_c, 9, 46, 100
1, 93840, Note_on_c, 9, 36, 100
1, 94079, Note_on_c, 9, 46, 0
1, 94079, Note_on_c, 9, 36, 0
1, 94080, Note_on_c, 9, 42, 100
1, 94080, Note_on_c, 9, 36, 100
1, 94319, Note_on_c, 9, 42, 0
1, 94320, Note_on_c, 9, 42, 100
1, 94559, Note_on_c, 9, 36, 0
1, 94559, Note_on_c, 9, 42, 0
1, 94560, Note_on_c, 9, 38, 115
1, 94560, Note_on_c, 9, 42, 100
1, 94799, Note_on_c, 9, 38, 0
1, 94799, Note_on_c, 9, 42, 0
1, 94800, Note_on_c, 9, 42, 100
1, 94800, Note_on_c, 9, 36, 100
1, 95039, Note_on_c, 9, 42, 0
1, 95039, Note_on_c, 9, 36, 0
1, 95040, Note_on_c, 9, 42, 100
1, 95279, Note_on_c, 9, 42, 0
1, 95280, Note_on_c, 9, 42, 100
1, 95519, Note_on_c, 9, 42, 0
1, 95520, Note_on_c, 9, 38, 115
1, 95520, Note_on_c, 9, 42, 100
1, 95759, Note_on_c, 9, 38, 0
1, 95759, Note_on_c, 9, 42, 0
1, 95760, Note_on_c, 9, 46, 100
1, 95760, Note_on_c, 9, 36, 100
1, 95999, Note_on_c, 9, 46, 0
1, 95999, Note_on_c, 9, 36, 0
1, 96000, Note_on_c, 9, 42, 100
1, 96000, Note_on_c, 9, 36, 100
1, 96239, Note_on_c, 9, 42, 0
1, 96240, Note_on_c, 9, 42, 100
1, 96479, Note_on_c, 9, 36, 0
1, 96479, Note_on_c, 9, 42, 0
1, 96480, Note_on_c, 9, 38, 115
1, 96480, Note_on_c, 9, 42, 100
1, 96719, Note_on_c, 9, 38, 0
1, 96719, Note_on_c, 9, 42, 0
1, 96720, Note_on_c, 9, 42, 100
1, 96720, Note_on_c, 9, 36, 100
1, 96959, Note_on_c, 9, 42, 0
1, 96959, Note_on_c, 9, 36, 0
1, 96960, Note_on_c, 9, 42, 100
1, 97199, Note_on_c, 9, 42, 0
1, 97200, Note_on_c, 9, 42, 100
1, 97439, Note_on_c, 9, 42, 0
1, 97440, Note_on_c, 9, 38, 115
1, 97440, Note_on_c, 9, 46, 110
1, 97919, Note_on_c, 9, 38, 0
1, 97919, Note_on_c, 9, 46, 0
1, 97920, Note_on_c, 9, 42, 100
1, 97920, Note_on_c, 9, 36, 100
1, 98159, Note_on_c, 9, 42, 0
1, 98160, Note_on_c, 9, 42, 100
1, 98399, Note_on_c, 9, 36, 0
1, 98399, Note_on_c, 9, 42, 0
1, 98400, Note_on_c, 9, 38, 115
1, 98400, Note_on_c, 9, 42, 100
1, 98639, Note_on_c, 9, 38, 0
1, 98639, Note_on_c, 9, 42, 0
1, 98640, Note_on_c, 9, 42, 100
1, 98640, Note_on_c, 9, 36, 100
1, 98879, Note_on_c, 9, 42, 0
1, 98879, Note_on_c, 9, 36, 0
1, 98880, Note_on_c, 9, 42, 100
1, 99119, Note_on_c, 9, 42, 0
1, 99120, Note_on_c, 9, 42, 100
1, 99359, Note_on_c, 9, 42, 0
1, 99360, Note_on_c, 9, 38, 115
1, 99360, Note_on_c, 9, 42, 100
1, 99599, Note_on_c, 9, 38, 0
1, 99599, Note_on_c, 9, 42, 0
1, 99600, Note_on_c, 9, 46, 100
1, 99600, Note_on_c, 9, 36, 100
1, 99839, Note_on_c, 9, 46, 0
1, 99839, Note_on_c, 9, 36, 0
1, 99840, Note_on_c, 9, 42, 100
1, 99840, Note_on_c, 9, 36, 100
1, 100079, Note_on_c, 9, 42, 0
1, 100080, Note_on_c, 9, 42, 100
1, 100319, Note_on_c, 9, 36, 0
1, 100319, Note_on_c, 9, 42, 0
1, 100320, Note_on_c, 9, 38, 115
1, 100320, Note_on_c, 9, 42, 100
1, 100559, Note_on_c, 9, 38, 0
1, 100559, Note_on_c, 9, 42, 0
1, 100560, Note_on_c, 9, 42, 100
1, 100560, Note_on_c, 9, 36, 100
1, 100799, Note_on_c, 9, 42, 0
1, 100799, Note_on_c, 9, 36, 0
1, 100800, Note_on_c, 9, 42, 100
1, 101039, Note_on_c, 9, 42, 0
1, 101040, Note_on_c, 9, 42, 100
1, 101279, Note_on_c, 9, 42, 0
1, 101280, Note_on_c, 9, 38, 115
1, 101280, Note_on_c, 9, 42, 100
1, 101519, Note_on_c, 9, 38, 0
1, 101519, Note_on_c, 9, 42, 0
1, 101520, Note_on_c, 9, 46, 100
1, 101520, Note_on_c, 9, 36, 100
1, 101759, Note_on_c, 9, 46, 0
1, 101759, Note_on_c, 9, 36, 0
1, 101760, Note_on_c, 9, 42, 100
1, 101760, Note_on_c, 9, 36, 100
1, 101999, Note_on_c, 9, 42, 0
1, 102000, Note_on_c, 9, 42, 100
1, 102239, Note_on_c, 9, 36, 0
1, 102239, Note_on_c, 9, 42, 0
1, 102240, Note_on_c, 9, 38, 115
1, 102240, Note_on_c, 9, 42, 100
1, 102479, Note_on_c, 9, 38, 0
1, 102479, Note_on_c, 9, 42, 0
1, 102480, Note_on_c, 9, 42, 100
1, 102480, Note_on_c, 9, 36, 100
1, 102719, Note_on_c, 9, 42, 0
1, 102719, Note_on_c, 9, 36, 0
1, 102720, Note_on_c, 9, 42, 100
1, 102959, Note_on_c, 9, 42, 0
1, 102960, Note_on_c, 9, 42, 100
1, 103199, Note_on_c, 9, 42, 0
1, 103200, Note_on_c, 9, 38, 115
1, 103200, Note_on_c, 9, 42, 100
1, 103439, Note_on_c, 9, 38, 0
1, 103439, Note_on_c, 9, 42, 0
1, 103440, Note_on_c, 9, 46, 100
1, 103440, Note_on_c, 9, 36, 100
1, 103679, Note_on_c, 9, 46, 0
1, 103679, Note_on_c, 9, 36, 0
1, 103680, Note_on_c, 9, 42, 100
1, 103680, Note_on_c, 9, 36, 100
1, 103919, Note_on_c, 9, 42, 0
1, 103920, Note_on_c, 9, 42, 100
1, 104159, Note_on_c, 9, 36, 0
1, 104159, Note_on_c, 9, 42, 0
1, 104160, Note_on_c, 9, 38, 115
1, 104160, Note_on_c, 9, 42, 100
1, 104399, Note_on_c, 9, 38, 0
1, 104399, Note_on_c, 9, 42, 0
1, 104400, Note_on_c, 9, 42, 100
1, 104400, Note_on_c, 9, 36, 100
1, 104639, Note_on_c, 9, 42, 0
1, 104639, Note_on_c, 9, 36, 0
1, 104640, Note_on_c, 9, 42, 100
1, 104879, Note_on_c, 9, 42, 0
1, 104880, Note_on_c, 9, 42, 100
1, 105119, Note_on_c, 9, 42, 0
1, 105120, Note_on_c, 9, 38, 115
1, 105120, Note_on_c, 9, 46, 115
1, 105599, Note_on_c, 9, 38, 0
1, 105599, Note_on_c, 9, 46, 0
1, 105600, Note_on_c, 9, 42, 100
1, 105600, Note_on_c, 9, 36, 100
1, 105839, Note_on_c, 9, 42, 0
1, 105840, Note_on_c, 9, 42, 100
1, 106079, Note_on_c, 9, 36, 0
1, 106079, Note_on_c, 9, 42, 0
1, 106080, Note_on_c, 9, 38, 115
1, 106080, Note_on_c, 9, 42, 100
1, 106319, Note_on_c, 9, 38, 0
1, 106319, Note_on_c, 9, 42, 0
1, 106320, Note_on_c, 9, 42, 100
1, 106320, Note_on_c, 9, 36, 100
1, 106559, Note_on_c, 9, 42, 0
1, 106559, Note_on_c, 9, 36, 0
1, 106560, Note_on_c, 9, 42, 100
1, 106799, Note_on_c, 9, 42, 0
1, 106800, Note_on_c, 9, 42, 100
1, 107039, Note_on_c, 9, 42, 0
1, 107040, Note_on_c, 9, 38, 115
1, 107040, Note_on_c, 9, 42, 100
1, 107279, Note_on_c, 9, 38, 0
1, 107279, Note_on_c, 9, 42, 0
1, 107280, Note_on_c, 9, 46, 100
1, 107280, Note_on_c, 9, 36, 100
1, 107519, Note_on_c, 9, 46, 0
1, 107519, Note_on_c, 9, 36, 0
1, 107520, Note_on_c, 9, 42, 100
1, 107520, Note_on_c, 9, 36, 100
1, 107759, Note_on_c, 9, 42, 0
1, 107760, Note_on_c, 9, 42, 100
1, 107999, Note_on_c, 9, 36, 0
1, 107999, Note_on_c, 9, 42, 0
1, 108000, Note_on_c, 9, 38, 115
1, 108000, Note_on_c, 9, 42, 100
1, 108239, Note_on_c, 9, 38, 0
1, 108239, Note_on_c, 9, 42, 0
1, 108240, Note_on_c, 9, 42, 100
1, 108240, Note_on_c, 9, 36, 100
1, 108479, Note_on_c, 9, 42, 0
1, 108479, Note_on_c, 9, 36, 0
1, 108480, Note_on_c, 9, 42, 100
1, 108719, Note_on_c, 9, 42, 0
1, 108720, Note_on_c, 9, 42, 100
1, 108959, Note_on_c, 9, 42, 0
1, 108960, Note_on_c, 9, 38, 115
1, 108960, Note_on_c, 9, 42, 100
1, 109199, Note_on_c, 9, 38, 0
1, 109199, Note_on_c, 9, 42, 0
1, 109200, Note_on_c, 9, 46, 100
1, 109200, Note_on_c, 9, 36, 100
1, 109439, Note_on_c, 9, 46, 0
1, 109439, Note_on_c, 9, 36, 0
1, 109440, Note_on_c, 9, 42, 100
1, 109440, Note_on_c, 9, 36, 100
1, 109679, Note_on_c, 9, 42, 0
1, 109680, Note_on_c, 9, 42, 100
1, 109919, Note_on_c, 9, 36, 0
1, 109919, Note_on_c, 9, 42, 0
1, 109920, Note_on_c, 9, 38, 115
1, 109920, Note_on_c, 9, 42, 100
1, 110159, Note_on_c, 9, 38, 0
1, 110159, Note_on_c, 9, 42, 0
1, 110160, Note_on_c, 9, 42, 100
1, 110160, Note_on_c, 9, 36, 100
1, 110399, Note_on_c, 9, 42, 0
1, 110399, Note_on_c, 9, 36, 0
1, 110400, Note_on_c, 9, 42, 100
1, 110639, Note_on_c, 9, 42, 0
1, 110640, Note_on_c, 9, 42, 100
1, 110879, Note_on_c, 9, 42, 0
1, 110880, Note_on_c, 9, 38, 115
1, 110880, Note_on_c, 9, 42, 100
1, 111119, Note_on_c, 9, 38, 0
1, 111119, Note_on_c, 9, 42, 0
1, 111120, Note_on_c, 9, 46, 100
1, 111120, Note_on_c, 9, 36, 100
1, 111359, Note_on_c, 9, 46, 0
1, 111359, Note_on_c, 9, 36, 0
1, 111360, Note_on_c, 9, 42, 100
1, 111360, Note_on_c, 9, 36, 100
1, 111599, Note_on_c, 9, 42, 0
1, 111600, Note_on_c, 9, 42, 100
1, 111839, Note_on_c, 9, 36, 0
1, 111839, Note_on_c, 9, 42, 0
1, 111840, Note_on_c, 9, 38, 115
1, 111840, Note_on_c, 9, 42, 100
1, 112079, Note_on_c, 9, 38, 0
1, 112079, Note_on_c, 9, 42, 0
1, 112080, Note_on_c, 9, 42, 100
1, 112080, Note_on_c, 9, 36, 100
1, 112319, Note_on_c, 9, 42, 0
1, 112319, Note_on_c, 9, 36, 0
1, 112320, Note_on_c, 9, 42, 100
1, 112559, Note_on_c, 9, 42, 0
1, 112560, Note_on_c, 9, 42, 100
1, 112799, Note_on_c, 9, 42, 0
1, 112800, Note_on_c, 9, 38, 115
1, 112800, Note_on_c, 9, 46, 115
1, 113279, Note_on_c, 9, 38, 0
1, 113279, Note_on_c, 9, 46, 0
1, 113280, Note_on_c, 9, 42, 100
1, 113280, Note_on_c, 9, 36, 100
1, 113519, Note_on_c, 9, 42, 0
1, 113520, Note_on_c, 9, 42, 100
1, 113759, Note_on_c, 9, 36, 0
1, 113759, Note_on_c, 9, 42, 0
1, 113760, Note_on_c, 9, 38, 115
1, 113760, Note_on_c, 9, 42, 100
1, 113999, Note_on_c, 9, 38, 0
1, 113999, Note_on_c, 9, 42, 0
1, 114000, Note_on_c, 9, 42, 100
1, 114000, Note_on_c, 9, 36, 100
1, 114239, Note_on_c, 9, 42, 0
1, 114239, Note_on_c, 9, 36, 0
1, 114240, Note_on_c, 9, 42, 100
1, 114479, Note_on_c, 9, 42, 0
1, 114480, Note_on_c, 9, 42, 100
1, 114719, Note_on_c, 9, 42, 0
1, 114720, Note_on_c, 9, 38, 115
1, 114720, Note_on_c, 9, 42, 100
1, 114959, Note_on_c, 9, 38, 0
1, 114959, Note_on_c, 9, 42, 0
1, 114960, Note_on_c, 9, 46, 100
1, 114960, Note_on_c, 9, 36, 100
1, 115199, Note_on_c, 9, 46, 0
1, 115199, Note_on_c, 9, 36, 0
1, 115200, Note_on_c, 9, 42, 100
1, 115200, Note_on_c, 9, 36, 100
1, 115439, Note_on_c, 9, 42, 0
1, 115440, Note_on_c, 9, 42, 100
1, 115679, Note_on_c, 9, 36, 0
1, 115679, Note_on_c, 9, 42, 0
1, 115680, Note_on_c, 9, 38, 115
1, 115680, Note_on_c, 9, 42, 100
1, 115919, Note_on_c, 9, 38, 0
1, 115919, Note_on_c, 9, 42, 0
1, 115920, Note_on_c, 9, 42, 100
1, 115920, Note_on_c, 9, 36, 100
1, 116159, Note_on_c, 9, 42, 0
1, 116159, Note_on_c, 9, 36, 0
1, 116160, Note_on_c, 9, 42, 100
1, 116399, Note_on_c, 9, 42, 0
1, 116400, Note_on_c, 9, 42, 100
1, 116639, Note_on_c, 9, 42, 0
1, 116640, Note_on_c, 9, 38, 115
1, 116640, Note_on_c, 9, 42, 100
1, 116879, Note_on_c, 9, 38, 0
1, 116879, Note_on_c, 9, 42, 0
1, 116880, Note_on_c, 9, 46, 100
1, 116880, Note_on_c, 9, 36, 100
1, 117119, Note_on_c, 9, 46, 0
1, 117119, Note_on_c, 9, 36, 0
1, 117120, Note_on_c, 9, 42, 100
1, 117120, Note_on_c, 9, 36, 100
1, 117359, Note_on_c, 9, 42, 0
1, 117360, Note_on_c, 9, 42, 100
1, 117599, Note_on_c, 9, 36, 0
1, 117599, Note_on_c, 9, 42, 0
1, 117600, Note_on_c, 9, 38, 115
1, 117600, Note_on_c, 9, 42, 100
1, 117839, Note_on_c, 9, 38, 0
1, 117839, Note_on_c, 9, 42, 0
1, 117840, Note_on_c, 9, 42, 100
1, 117840, Note_on_c, 9, 36, 100
1, 118079, Note_on_c, 9, 42, 0
1, 118079, Note_on_c, 9, 36, 0
1, 118080, Note_on_c, 9, 42, 100
1, 118319, Note_on_c, 9, 42, 0
1, 118320, Note_on_c, 9, 42, 100
1, 118559, Note_on_c, 9, 42, 0
1, 118560, Note_on_c, 9, 38, 115
1, 118560, Note_on_c, 9, 42, 100
1, 118799, Note_on_c, 9, 38, 0
1, 118799, Note_on_c, 9, 42, 0
1, 118800, Note_on_c, 9, 46, 100
1, 118800, Note_on_c, 9, 36, 100
1, 119039, Note_on_c, 9, 46, 0
1, 119039, Note_on_c, 9, 36, 0
1, 119040, Note_on_c, 9, 42, 100
1, 119040, Note_on_c, 9, 36, 100
1, 119279, Note_on_c, 9, 42, 0
1, 119280, Note_on_c, 9, 42, 100
1, 119519, Note_on_c, 9, 36, 0
1, 119519, Note_on_c, 9, 42, 0
1, 119520, Note_on_c, 9, 38, 115
1, 119520, Note_on_c, 9, 42, 100
1, 119759, Note_on_c, 9, 38, 0
1, 119759, Note_on_c, 9, 42, 0
1, 119760, Note_on_c, 9, 57, 100
1, 119760, Note_on_c, 9, 36, 100
1, 119999, Note_on_c, 9, 57, 0
1, 119999, Note_on_c, 9, 36, 0
1, 120120, Note_on_c, 9, 48, 100
1, 120359, Note_on_c, 9, 48, 0
1, 120360, Note_on_c, 9, 47, 100
1, 120479, Note_on_c, 9, 47, 0
1, 120480, Note_on_c, 9, 45, 100
1, 120600, Note_on_c, 9, 43, 100
1, 120719, Note_on_c, 9, 45, 0
1, 120720, Note_on_c, 9, 41, 100
1, 120959, Note_on_c, 9, 43, 0
1, 120959, Note_on_c, 9, 41, 0
1, 120960, Note_on_c, 9, 42, 100
1, 120960, Note_on_c, 9, 57, 100
1, 120960, Note_on_c, 9, 36, 100
1, 121199, Note_on_c, 9, 42, 0
1, 121199, Note_on_c, 9, 57, 0
1, 121200, Note_on_c, 9, 42, 100
1, 121439, Note_on_c, 9, 36, 0
1, 121439, Note_on_c, 9, 42, 0
1, 121440, Note_on_c, 9, 38, 115
1, 121440, Note_on_c, 9, 42, 100
1, 121679, Note_on_c, 9, 38, 0
1, 121679, Note_on_c, 9, 42, 0
1, 121680, Note_on_c, 9, 42, 100
1, 121680, Note_on_c, 9, 36, 100
1, 121919, Note_on_c, 9, 42, 0
1, 121919, Note_on_c, 9, 36, 0
1, 121920, Note_on_c, 9, 42, 100
1, 122159, Note_on_c, 9, 42, 0
1, 122160, Note_on_c, 9, 42, 100
1, 122399, Note_on_c, 9, 42, 0
1, 122400, Note_on_c, 9, 38, 115
1, 122400, Note_on_c, 9, 42, 100
1, 122639, Note_on_c, 9, 38, 0
1, 122639, Note_on_c, 9, 42, 0
1, 122640, Note_on_c, 9, 46, 100
1, 122640, Note_on_c, 9, 36, 100
1, 122879, Note_on_c, 9, 46, 0
1, 122879, Note_on_c, 9, 36, 0
1, 122880, Note_on_c, 9, 42, 100
1, 122880, Note_on_c, 9, 36, 100
1, 123119, Note_on_c, 9, 42, 0
1, 123120, Note_on_c, 9, 42, 100
1, 123359, Note_on_c, 9, 36, 0
1, 123359, Note_on_c, 9, 42, 0
1, 123360, Note_on_c, 9, 38, 115
1, 123360, Note_on_c, 9, 42, 100
1, 123599, Note_on_c, 9, 38, 0
1, 123599, Note_on_c, 9, 42, 0
1, 123600, Note_on_c, 9, 42, 100
1, 123600, Note_on_c, 9, 36, 100
1, 123839, Note_on_c, 9, 42, 0
1, 123839, Note_on_c, 9, 36, 0
1, 123840, Note_on_c, 9, 42, 100
1, 124079, Note_on_c, 9, 42, 0
1, 124080, Note_on_c, 9, 42, 100
1, 124319, Note_on_c, 9, 42, 0
1, 124320, Note_on_c, 9, 38, 115
1, 124320, Note_on_c, 9, 42, 100
1, 124559, Note_on_c, 9, 38, 0
1, 124559, Note_on_c, 9, 42, 0
1, 124560, Note_on_c, 9, 46, 100
1, 124560, Note_on_c, 9, 36, 100
1, 124799, Note_on_c, 9, 46, 0
1, 124799, Note_on_c, 9, 36, 0
1, 124800, Note_on_c, 9, 42, 100
1, 124800, Note_on_c, 9, 36, 100
1, 125039, Note_on_c, 9, 42, 0
1, 125040, Note_on_c, 9, 42, 100
1, 125279, Note_on_c, 9, 36, 0
1, 125279, Note_on_c, 9, 42, 0
1, 125280, Note_on_c, 9, 38, 115
1, 125280, Note_on_c, 9, 42, 100
1, 125519, Note_on_c, 9, 38, 0
1, 125519, Note_on_c, 9, 42, 0
1, 125520, Note_on_c, 9, 42, 100
1, 125520, Note_on_c, 9, 36, 100
1, 125759, Note_on_c, 9, 42, 0
1, 125759, Note_on_c, 9, 36, 0
1, 125760, Note_on_c, 9, 42, 100
1, 125999, Note_on_c, 9, 42, 0
1, 126000, Note_on_c, 9, 42, 100
1, 126239, Note_on_c, 9, 42, 0
1, 126240, Note_on_c, 9, 38, 115
1, 126240, Note_on_c, 9, 42, 100
1, 126479, Note_on_c, 9, 38, 0
1, 126479, Note_on_c, 9, 42, 0
1, 126480, Note_on_c, 9, 46, 100
1, 126480, Note_on_c, 9, 36, 100
1, 126719, Note_on_c, 9, 46, 0
1, 126719, Note_on_c, 9, 36, 0
1, 126720, Note_on_c, 9, 42, 100
1, 126720, Note_on_c, 9, 36, 100
1, 126959, Note_on_c, 9, 42, 0
1, 126960, Note_on_c, 9, 42, 100
1, 127199, Note_on_c, 9, 36, 0
1, 127199, Note_on_c, 9, 42, 0
1, 127200, Note_on_c, 9, 38, 115
1, 127200, Note_on_c, 9, 42, 100
1, 127439, Note_on_c, 9, 38, 0
1, 127439, Note_on_c, 9, 42, 0
1, 127440, Note_on_c, 9, 42, 100
1, 127440, Note_on_c, 9, 36, 100
1, 127679, Note_on_c, 9, 42, 0
1, 127679, Note_on_c, 9, 36, 0
1, 127680, Note_on_c, 9, 42, 100
1, 127919, Note_on_c, 9, 42, 0
1, 127920, Note_on_c, 9, 42, 100
1, 128159, Note_on_c, 9, 42, 0
1, 128160, Note_on_c, 9, 38, 115
1, 128160, Note_on_c, 9, 46, 115
1, 128639, Note_on_c, 9, 38, 0
1, 128639, Note_on_c, 9, 46, 0
1, 128640, Note_on_c, 9, 42, 100
1, 128640, Note_on_c, 9, 57, 100
1, 128640, Note_on_c, 9, 36, 100
1, 128879, Note_on_c, 9, 42, 0
1, 128879, Note_on_c, 9, 57, 0
1, 128880, Note_on_c, 9, 42, 100
1, 129119, Note_on_c, 9, 36, 0
1, 129119, Note_on_c, 9, 42, 0
1, 129120, Note_on_c, 9, 38, 115
1, 129120, Note_on_c, 9, 42, 100
1, 129359, Note_on_c, 9, 38, 0
1, 129359, Note_on_c, 9, 42, 0
1, 129360, Note_on_c, 9, 42, 100
1, 129360, Note_on_c, 9, 36, 100
1, 129599, Note_on_c, 9, 42, 0
1, 129599, Note_on_c, 9, 36, 0
1, 129600, Note_on_c, 9, 42, 100
1, 129839, Note_on_c, 9, 42, 0
1, 129840, Note_on_c, 9, 42, 100
1, 130079, Note_on_c, 9, 42, 0
1, 130080, Note_on_c, 9, 38, 115
1, 130080, Note_on_c, 9, 42, 100
1, 130319, Note_on_c, 9, 38, 0
1, 130319, Note_on_c, 9, 42, 0
1, 130320, Note_on_c, 9, 46, 100
1, 130320, Note_on_c, 9, 36, 100
1, 130559, Note_on_c, 9, 46, 0
1, 130559, Note_on_c, 9, 36, 0
1, 130560, Note_on_c, 9, 42, 100
1, 130560, Note_on_c, 9, 36, 100
1, 130799, Note_on_c, 9, 42, 0
1, 130800, Note_on_c, 9, 42, 100
1, 131039, Note_on_c, 9, 36, 0
1, 131039, Note_on_c, 9, 42, 0
1, 131040, Note_on_c, 9, 38, 115
1, 131040, Note_on_c, 9, 42, 100
1, 131279, Note_on_c, 9, 38, 0
1, 131279, Note_on_c, 9, 42, 0
1, 131280, Note_on_c, 9, 42, 100
1, 131280, Note_on_c, 9, 36, 100
1, 131519, Note_on_c, 9, 42, 0
1, 131519, Note_on_c, 9, 36, 0
1, 131520, Note_on_c, 9, 42, 100
1, 131759, Note_on_c, 9, 42, 0
1, 131760, Note_on_c, 9, 42, 100
1, 131999, Note_on_c, 9, 42, 0
1, 132000, Note_on_c, 9, 38, 115
1, 132000, Note_on_c, 9, 42, 100
1, 132239, Note_on_c, 9, 38, 0
1, 132239, Note_on_c, 9, 42, 0
1, 132240, Note_on_c, 9, 46, 100
1, 132240, Note_on_c, 9, 36, 100
1, 132479, Note_on_c, 9, 46, 0
1, 132479, Note_on_c, 9, 36, 0
1, 132480, Note_on_c, 9, 42, 100
1, 132480, Note_on_c, 9, 36, 100
1, 132719, Note_on_c, 9, 42, 0
1, 132720, Note_on_c, 9, 42, 100
1, 132959, Note_on_c, 9, 36, 0
1, 132959, Note_on_c, 9, 42, 0
1, 132960, Note_on_c, 9, 38, 115
1, 132960, Note_on_c, 9, 42, 100
1, 133199, Note_on_c, 9, 38, 0
1, 133199, Note_on_c, 9, 42, 0
1, 133200, Note_on_c, 9, 42, 100
1, 133200, Note_on_c, 9, 36, 100
1, 133439, Note_on_c, 9, 42, 0
1, 133439, Note_on_c, 9, 36, 0
1, 133440, Note_on_c, 9, 42, 100
1, 133679, Note_on_c, 9, 42, 0
1, 133680, Note_on_c, 9, 42, 100
1, 133919, Note_on_c, 9, 42, 0
1, 133920, Note_on_c, 9, 38, 115
1, 133920, Note_on_c, 9, 42, 100
1, 134159, Note_on_c, 9, 38, 0
1, 134159, Note_on_c, 9, 42, 0
1, 134160, Note_on_c, 9, 46, 100
1, 134160, Note_on_c, 9, 36, 100
1, 134399, Note_on_c, 9, 46, 0
1, 134399, Note_on_c, 9, 36, 0
1, 134400, Note_on_c, 9, 42, 100
1, 134400, Note_on_c, 9, 36, 100
1, 134639, Note_on_c, 9, 42, 0
1, 134640, Note_on_c, 9, 42, 100
1, 134879, Note_on_c, 9, 36, 0
1, 134879, Note_on_c, 9, 42, 0
1, 134880, Note_on_c, 9, 38, 115
1, 134880, Note_on_c, 9, 42, 100
1, 135119, Note_on_c, 9, 38, 0
1, 135119, Note_on_c, 9, 42, 0
1, 135120, Note_on_c, 9, 57, 100
1, 135120, Note_on_c, 9, 36, 100
1, 135359, Note_on_c, 9, 57, 0
1, 135359, Note_on_c, 9, 36, 0
1, 135480, Note_on_c, 9, 48, 100
1, 135719, Note_on_c, 9, 48, 0
1, 135720, Note_on_c, 9, 47, 100
1, 135839, Note_on_c, 9, 47, 0
1, 135840, Note_on_c, 9, 45, 100
1, 135960, Note_on_c, 9, 43, 100
1, 136079, Note_on_c, 9, 45, 0
1, 136080, Note_on_c, 9, 41, 100
1, 136319, Note_on_c, 9, 43, 0
1, 136319, Note_on_c, 9, 41, 0
1, 136320, Note_on_c, 9, 42, 100
1, 136320, Note_on_c, 9, 57, 100
1, 136320, Note_on_c, 9, 36, 100
1, 136559, Note_on_c, 9, 42, 0
1, 136559, Note_on_c, 9, 57, 0
1, 136560, Note_on_c, 9, 42, 100
1, 136799, Note_on_c, 9, 36, 0
1, 136799, Note_on_c, 9, 42, 0
1, 136800, Note_on_c, 9, 38, 115
1, 136800, Note_on_c, 9, 42, 100
1, 137039, Note_on_c, 9, 38, 0
1, 137039, Note_on_c, 9, 42, 0
1, 137040, Note_on_c, 9, 42, 100
1, 137040, Note_on_c, 9, 36, 100
1, 137279, Note_on_c, 9, 42, 0
1, 137279, Note_on_c, 9, 36, 0
1, 137280, Note_on_c, 9, 42, 100
1, 137519, Note_on_c, 9, 42, 0
1, 137520, Note_on_c, 9, 42, 100
1, 137759, Note_on_c, 9, 42, 0
1, 137760, Note_on_c, 9, 38, 115
1, 137760, Note_on_c, 9, 42, 100
1, 137999, Note_on_c, 9, 38, 0
1, 137999, Note_on_c, 9, 42, 0
1, 138000, Note_on_c, 9, 46, 100
1, 138000, Note_on_c, 9, 36, 100
1, 138239, Note_on_c, 9, 46, 0
1, 138239, Note_on_c, 9, 36, 0
1, 138240, Note_on_c, 9, 42, 100
1, 138240, Note_on_c, 9, 36, 100
1, 138479, Note_on_c, 9, 42, 0
1, 138480, Note_on_c, 9, 42, 100
1, 138719, Note_on_c, 9, 36, 0
1, 138719, Note_on_c, 9, 42, 0
1, 138720, Note_on_c, 9, 38, 115
1, 138720, Note_on_c, 9, 42, 100
1, 138959, Note_on_c, 9, 38, 0
1, 138959, Note_on_c, 9, 42, 0
1, 138960, Note_on_c, 9, 42, 100
1, 138960, Note_on_c, 9, 36, 100
1, 139199, Note_on_c, 9, 42, 0
1, 139199, Note_on_c, 9, 36, 0
1, 139200, Note_on_c, 9, 42, 100
1, 139439, Note_on_c, 9, 42, 0
1, 139440, Note_on_c, 9, 42, 100
1, 139679, Note_on_c, 9, 42, 0
1, 139680, Note_on_c, 9, 38, 115
1, 139680, Note_on_c, 9, 42, 100
1, 139919, Note_on_c, 9, 38, 0
1, 139919, Note_on_c, 9, 42, 0
1, 139920, Note_on_c, 9, 46, 100
1, 139920, Note_on_c, 9, 36, 100
1, 140159, Note_on_c, 9, 46, 0
1, 140159, Note_on_c, 9, 36, 0
1, 140160, Note_on_c, 9, 42, 100
1, 140160, Note_on_c, 9, 36, 100
1, 140399, Note_on_c, 9, 42, 0
1, 140400, Note_on_c, 9, 42, 100
1, 140639, Note_on_c, 9, 36, 0
1, 140639, Note_on_c, 9, 42, 0
1, 140640, Note_on_c, 9, 38, 115
1, 140640, Note_on_c, 9, 42, 100
1, 140879, Note_on_c, 9, 38, 0
1, 140879, Note_on_c, 9, 42, 0
1, 140880, Note_on_c, 9, 42, 100
1, 140880, Note_on_c, 9, 36, 100
1, 141119, Note_on_c, 9, 42, 0
1, 141119, Note_on_c, 9, 36, 0
1, 141120, Note_on_c, 9, 42, 100
1, 141359, Note_on_c, 9, 42, 0
1, 141360, Note_on_c, 9, 42, 100
1, 141599, Note_on_c, 9, 42, 0
1, 141600, Note_on_c, 9, 38, 115
1, 141600, Note_on_c, 9, 42, 100
1, 141839, Note_on_c, 9, 38, 0
1, 141839, Note_on_c, 9, 42, 0
1, 141840, Note_on_c, 9, 46, 100
1, 141840, Note_on_c, 9, 36, 100
1, 142079, Note_on_c, 9, 46, 0
1, 142079, Note_on_c, 9, 36, 0
1, 142080, Note_on_c, 9, 42, 100
1, 142080, Note_on_c, 9, 36, 100
1, 142319, Note_on_c, 9, 42, 0
1, 142320, Note_on_c, 9, 42, 100
1, 142559, Note_on_c, 9, 36, 0
1, 142559, Note_on_c, 9, 42, 0
1, 142560, Note_on_c, 9, 38, 115
1, 142560, Note_on_c, 9, 42, 100
1, 142799, Note_on_c, 9, 38, 0
1, 142799, Note_on_c, 9, 42, 0
1, 142800, Note_on_c, 9, 42, 100
1, 142800, Note_on_c, 9, 36, 100
1, 143039, Note_on_c, 9, 42, 0
1, 143039, Note_on_c, 9, 36, 0
1, 143040, Note_on_c, 9, 42, 100
1, 143279, Note_on_c, 9, 42, 0
1, 143280, Note_on_c, 9, 42, 100
1, 143519, Note_on_c, 9, 42, 0
1, 143520, Note_on_c, 9, 38, 115
1, 143520, Note_on_c, 9, 46, 115
1, 143999, Note_on_c, 9, 38, 0
1, 143999, Note_on_c, 9, 46, 0
1, 144000, Note_on_c, 9, 42, 100
1, 144000, Note_on_c, 9, 57, 100
1, 144000, Note_on_c, 9, 36, 100
1, 144239, Note_on_c, 9, 42, 0
1, 144239, Note_on_c, 9, 57, 0
1, 144240, Note_on_c, 9, 42, 100
1, 144479, Note_on_c, 9, 36, 0
1, 144479, Note_on_c, 9, 42, 0
1, 144480, Note_on_c, 9, 38, 115
1, 144480, Note_on_c, 9, 42, 100
1, 144719, Note_on_c, 9, 38, 0
1, 144719, Note_on_c, 9, 42, 0
1, 144720, Note_on_c, 9, 42, 100
1, 144720, Note_on_c, 9, 36, 100
1, 144959, Note_on_c, 9, 42, 0
1, 144959, Note_on_c, 9, 36, 0
1, 144960, Note_on_c, 9, 42, 100
1, 145199, Note_on_c, 9, 42, 0
1, 145200, Note_on_c, 9, 42, 100
1, 145439, Note_on_c, 9, 42, 0
1, 145440, Note_on_c, 9, 38, 115
1, 145440, Note_on_c, 9, 42, 100
1, 145679, Note_on_c, 9, 38, 0
1, 145679, Note_on_c, 9, 42, 0
1, 145680, Note_on_c, 9, 46, 100
1, 145680, Note_on_c, 9, 36, 100
1, 145919, Note_on_c, 9, 46, 0
1, 145919, Note_on_c, 9, 36, 0
1, 145920, Note_on_c, 9, 42, 100
1, 145920, Note_on_c, 9, 36, 100
1, 146159, Note_on_c, 9, 42, 0
1, 146160, Note_on_c, 9, 42, 100
1, 146399, Note_on_c, 9, 36, 0
1, 146399, Note_on_c, 9, 42, 0
1, 146400, Note_on_c, 9, 38, 115
1, 146400, Note_on_c, 9, 42, 100
1, 146639, Note_on_c, 9, 38, 0
1, 146639, Note_on_c, 9, 42, 0
1, 146640, Note_on_c, 9, 42, 100
1, 146640, Note_on_c, 9, 36, 100
1, 146879, Note_on_c, 9, 42, 0
1, 146879, Note_on_c, 9, 36, 0
1, 146880, Note_on_c, 9, 42, 100
1, 147119, Note_on_c, 9, 42, 0
1, 147120, Note_on_c, 9, 42, 100
1, 147359, Note_on_c, 9, 42, 0
1, 147360, Note_on_c, 9, 38, 115
1, 147360, Note_on_c, 9, 42, 100
1, 147599, Note_on_c, 9, 38, 0
1, 147599, Note_on_c, 9, 42, 0
1, 147600, Note_on_c, 9, 46, 100
1, 147600, Note_on_c, 9, 36, 100
1, 147839, Note_on_c, 9, 46, 0
1, 147839, Note_on_c, 9, 36, 0
1, 147840, Note_on_c, 9, 42, 100
1, 147840, Note_on_c, 9, 36, 100
1, 148079, Note_on_c, 9, 42, 0
1, 148080, Note_on_c, 9, 42, 100
1, 148319, Note_on_c, 9, 36, 0
1, 148319, Note_on_c, 9, 42, 0
1, 148320, Note_on_c, 9, 38, 115
1, 148320, Note_on_c, 9, 42, 100
1, 148559, Note_on_c, 9, 38, 0
1, 148559, Note_on_c, 9, 42, 0
1, 148560, Note_on_c, 9, 42, 100
1, 148560, Note_on_c, 9, 36, 100
1, 148799, Note_on_c, 9, 42, 0
1, 148799, Note_on_c, 9, 36, 0
1, 148800, Note_on_c, 9, 42, 100
1, 149039, Note_on_c, 9, 42, 0
1, 149040, Note_on_c, 9, 42, 100
1, 149279, Note_on_c, 9, 42, 0
1, 149280, Note_on_c, 9, 38, 115
1, 149280, Note_on_c, 9, 42, 100
1, 149519, Note_on_c, 9, 38, 0
1, 149519, Note_on_c, 9, 42, 0
1, 149520, Note_on_c, 9, 46, 100
1, 149520, Note_on_c, 9, 36, 100
1, 149759, Note_on_c, 9, 46, 0
1, 149759, Note_on_c, 9, 36, 0
1, 149760, Note_on_c, 9, 42, 100
1, 149760, Note_on_c, 9, 36, 100
1, 149999, Note_on_c, 9, 42, 0
1, 150000, Note_on_c, 9, 42, 100
1, 150239, Note_on_c, 9, 36, 0
1, 150239, Note_on_c, 9, 42, 0
1, 150240, Note_on_c, 9, 38, 115
1, 150240, Note_on_c, 9, 42, 100
1, 150479, Note_on_c, 9, 38, 0
1, 150479, Note_on_c, 9, 42, 0
1, 150480, Note_on_c, 9, 57, 100
1, 150480, Note_on_c, 9, 36, 100
1, 150719, Note_on_c, 9, 57, 0
1, 150719, Note_on_c, 9, 36, 0
1, 150840, Note_on_c, 9, 48, 100
1, 151079, Note_on_c, 9, 48, 0
1, 151080, Note_on_c, 9, 47, 100
1, 151199, Note_on_c, 9, 47, 0
1, 151200, Note_on_c, 9, 45, 100
1, 151320, Note_on_c, 9, 43, 100
1, 151439, Note_on_c, 9, 45, 0
1, 151440, Note_on_c, 9, 41, 100
1, 151679, Note_on_c, 9, 43, 0
1, 151679, Note_on_c, 9, 41, 0
1, 151680, Note_on_c, 9, 42, 100
1, 151680, Note_on_c, 9, 57, 100
1, 151680, Note_on_c, 9, 36, 100
1, 151919, Note_on_c, 9, 42, 0
1, 151919, Note_on_c, 9, 57, 0
1, 151920, Note_on_c, 9, 42, 100
1, 152159, Note_on_c, 9, 36, 0
1, 152159, Note_on_c, 9, 42, 0
1, 152160, Note_on_c, 9, 38, 115
1, 152160, Note_on_c, 9, 42, 100
1, 152399, Note_on_c, 9, 38, 0
1, 152399, Note_on_c, 9, 42, 0
1, 152400, Note_on_c, 9, 42, 100
1, 152400, Note_on_c, 9, 36, 100
1, 152639, Note_on_c, 9, 42, 0
1, 152639, Note_on_c, 9, 36, 0
1, 152640, Note_on_c, 9, 42, 100
1, 152879, Note_on_c, 9, 42, 0
1, 152880, Note_on_c, 9, 42, 100
1, 153119, Note_on_c, 9, 42, 0
1, 153120, Note_on_c, 9, 38, 115
1, 153120, Note_on_c, 9, 42, 100
1, 153359, Note_on_c, 9, 38, 0
1, 153359, Note_on_c, 9, 42, 0
1, 153360, Note_on_c, 9, 46, 100
1, 153360, Note_on_c, 9, 36, 100
1, 153599, Note_on_c, 9, 46, 0
1, 153599, Note_on_c, 9, 36, 0
1, 153600, Note_on_c, 9, 42, 100
1, 153600, Note_on_c, 9, 36, 100
1, 153839, Note_on_c, 9, 42, 0
1, 153840, Note_on_c, 9, 42, 100
1, 154079, Note_on_c, 9, 36, 0
1, 154079, Note_on_c, 9, 42, 0
1, 154080, Note_on_c, 9, 38, 115
1, 154080, Note_on_c, 9, 42, 100
1, 154319, Note_on_c, 9, 38, 0
1, 154319, Note_on_c, 9, 42, 0
1, 154320, Note_on_c, 9, 42, 100
1, 154320, Note_on_c, 9, 36, 100
1, 154559, Note_on_c, 9, 42, 0
1, 154559, Note_on_c, 9, 36, 0
1, 154560, Note_on_c, 9, 42, 100
1, 154799, Note_on_c, 9, 42, 0
1, 154800, Note_on_c, 9, 42, 100
1, 155039, Note_on_c, 9, 42, 0
1, 155040, Note_on_c, 9, 38, 115
1, 155040, Note_on_c, 9, 42, 100
1, 155279, Note_on_c, 9, 38, 0
1, 155279, Note_on_c, 9, 42, 0
1, 155280, Note_on_c, 9, 46, 100
1, 155280, Note_on_c, 9, 36, 100
1, 155519, Note_on_c, 9, 46, 0
1, 155519, Note_on_c, 9, 36, 0
1, 155520, Note_on_c, 9, 42, 100
1, 155520, Note_on_c, 9, 36, 100
1, 155759, Note_on_c, 9, 42, 0
1, 155760, Note_on_c, 9, 42, 100
1, 155999, Note_on_c, 9, 36, 0
1, 155999, Note_on_c, 9, 42, 0
1, 156000, Note_on_c, 9, 38, 115
1, 156000, Note_on_c, 9, 42, 100
1, 156239, Note_on_c, 9, 38, 0
1, 156239, Note_on_c, 9, 42, 0
1, 156240, Note_on_c, 9, 42, 100
1, 156240, Note_on_c, 9, 36, 100
1, 156479, Note_on_c, 9, 42, 0
1, 156479, Note_on_c, 9, 36, 0
1, 156480, Note_on_c, 9, 42, 100
1, 156719, Note_on_c, 9, 42, 0
1, 156720, Note_on_c, 9, 42, 100
1, 156959, Note_on_c, 9, 42, 0
1, 156960, Note_on_c, 9, 38, 115
1, 156960, Note_on_c, 9, 42, 100
1, 157199, Note_on_c, 9, 38, 0
1, 157199, Note_on_c, 9, 42, 0
1, 157200, Note_on_c, 9, 46, 100
1, 157200, Note_on_c, 9, 36, 100
1, 157439, Note_on_c, 9, 46, 0
1, 157439, Note_on_c, 9, 36, 0
1, 157440, Note_on_c, 9, 42, 100
1, 157440, Note_on_c, 9, 36, 100
1, 157679, Note_on_c, 9, 42, 0
1, 157680, Note_on_c, 9, 42, 100
1, 157919, Note_on_c, 9, 36, 0
1, 157919, Note_on_c, 9, 42, 0
1, 157920, Note_on_c, 9, 38, 115
1, 157920, Note_on_c, 9, 42, 100
1, 158159, Note_on_c, 9, 38, 0
1, 158159, Note_on_c, 9, 42, 0
1, 158160, Note_on_c, 9, 42, 100
1, 158160, Note_on_c, 9, 36, 100
1, 158399, Note_on_c, 9, 42, 0
1, 158399, Note_on_c, 9, 36, 0
1, 158400, Note_on_c, 9, 42, 100
1, 158639, Note_on_c, 9, 42, 0
1, 158640, Note_on_c, 9, 42, 100
1, 158879, Note_on_c, 9, 42, 0
1, 158880, Note_on_c, 9, 38, 115
1, 158880, Note_on_c, 9, 46, 115
1, 159359, Note_on_c, 9, 38, 0
1, 159359, Note_on_c, 9, 46, 0
1, 159480, Note_on_c, 9, 42, 100
1, 159480, Note_on_c, 9, 57, 100
1, 159480, Note_on_c, 9, 36, 100
1, 159599, Note_on_c, 9, 42, 0
1, 159599, Note_on_c, 9, 57, 0
1, 159660, Note_on_c, 9, 42, 100
1, 159839, Note_on_c, 9, 36, 0
1, 159839, Note_on_c, 9, 42, 0
1, 159840, Note_on_c, 9, 38, 115
1, 159840, Note_on_c, 9, 42, 100
1, 160079, Note_on_c, 9, 38, 0
1, 160079, Note_on_c, 9, 42, 0
1, 160080, Note_on_c, 9, 42, 100
1, 160080, Note_on_c, 9, 36, 100
1, 160319, Note_on_c, 9, 42, 0
1, 160319, Note_on_c, 9, 36, 0
1, 160320, Note_on_c, 9, 42, 100
1, 160559, Note_on_c, 9, 42, 0
1, 160560, Note_on_c, 9, 42, 100
1, 160799, Note_on_c, 9, 42, 0
1, 160800, Note_on_c, 9, 38, 115
1, 160800, Note_on_c, 9, 42, 100
1, 161039, Note_on_c, 9, 38, 0
1, 161039, Note_on_c, 9, 42, 0
1, 161040, Note_on_c, 9, 46, 100
1, 161040, Note_on_c, 9, 36, 100
1, 161279, Note_on_c, 9, 46, 0
1, 161279, Note_on_c, 9, 36, 0
1, 161280, Note_on_c, 9, 42, 100
1, 161280, Note_on_c, 9, 36, 100
1, 161519, Note_on_c, 9, 42, 0
1, 161520, Note_on_c, 9, 42, 100
1, 161759, Note_on_c, 9, 36, 0
1, 161759, Note_on_c, 9, 42, 0
1, 161760, Note_on_c, 9, 38, 115
1, 161760, Note_on_c, 9, 42, 100
1, 161999, Note_on_c, 9, 38, 0
1, 161999, Note_on_c, 9, 42, 0
1, 162000, Note_on_c, 9, 42, 100
1, 162000, Note_on_c, 9, 36, 100
1, 162239, Note_on_c, 9, 42, 0
1, 162239, Note_on_c, 9, 36, 0
1, 162240, Note_on_c, 9, 42, 100
1, 162479, Note_on_c, 9, 42, 0
1, 162480, Note_on_c, 9, 42, 100
1, 162719, Note_on_c, 9, 42, 0
1, 162720, Note_on_c, 9, 38, 115
1, 162720, Note_on_c, 9, 42, 100
1, 162959, Note_on_c, 9, 38, 0
1, 162959, Note_on_c, 9, 42, 0
1, 162960, Note_on_c, 9, 46, 100
1, 162960, Note_on_c, 9, 36, 100
1, 163199, Note_on_c, 9, 46, 0
1, 163199, Note_on_c, 9, 36, 0
1, 163200, Note_on_c, 9, 42, 100
1, 163200, Note_on_c, 9, 36, 100
1, 163439, Note_on_c, 9, 42, 0
1, 163440, Note_on_c, 9, 42, 100
1, 163679, Note_on_c, 9, 36, 0
1, 163679, Note_on_c, 9, 42, 0
1, 163680, Note_on_c, 9, 38, 115
1, 163680, Note_on_c, 9, 42, 100
1, 163919, Note_on_c, 9, 38, 0
1, 163919, Note_on_c, 9, 42, 0
1, 163920, Note_on_c, 9, 42, 100
1, 163920, Note_on_c, 9, 36, 100
1, 164159, Note_on_c, 9, 42, 0
1, 164159, Note_on_c, 9, 36, 0
1, 164160, Note_on_c, 9, 42, 100
1, 164399, Note_on_c, 9, 42, 0
1, 164400, Note_on_c, 9, 42, 100
1, 164639, Note_on_c, 9, 42, 0
1, 164640, Note_on_c, 9, 38, 115
1, 164640, Note_on_c, 9, 42, 100
1, 164879, Note_on_c, 9, 38, 0
1, 164879, Note_on_c, 9, 42, 0
1, 164880, Note_on_c, 9, 46, 100
1, 164880, Note_on_c, 9, 36, 100
1, 165119, Note_on_c, 9, 46, 0
1, 165119, Note_on_c, 9, 36, 0
1, 165120, Note_on_c, 9, 42, 100
1, 165120, Note_on_c, 9, 36, 100
1, 165359, Note_on_c, 9, 42, 0
1, 165360, Note_on_c, 9, 42, 100
1, 165599, Note_on_c, 9, 36, 0
1, 165599, Note_on_c, 9, 42, 0
1, 165600, Note_on_c, 9, 38, 115
1, 165600, Note_on_c, 9, 42, 100
1, 165839, Note_on_c, 9, 38, 0
1, 165839, Note_on_c, 9, 42, 0
1, 165840, Note_on_c, 9, 57, 100
1, 165840, Note_on_c, 9, 36, 100
1, 166079, Note_on_c, 9, 57, 0
1, 166079, Note_on_c, 9, 36, 0
1, 166200, Note_on_c, 9, 48, 100
1, 166439, Note_on_c, 9, 48, 0
1, 166440, Note_on_c, 9, 47, 100
1, 166559, Note_on_c, 9, 47, 0
1, 166560, Note_on_c, 9, 45, 100
1, 166680, Note_on_c, 9, 43, 100
1, 166799, Note_on_c, 9, 45, 0
1, 166800, Note_on_c, 9, 41, 100
1, 167039, Note_on_c, 9, 43, 0
1, 167039, Note_on_c, 9, 41, 0
1, 167040, Note_on_c, 9, 57, 100
1, 167040, Note_on_c, 9, 36, 100
1, 167399, Note_on_c, 9, 57, 0
1, 167400, Note_on_c, 9, 45, 85
1, 167519, Note_on_c, 9, 36, 0
1, 167519, Note_on_c, 9, 45, 0
1, 167520, Note_on_c, 9, 38, 100
1, 167759, Note_on_c, 9, 38, 0
1, 167760, Note_on_c, 9, 57, 100
1, 167760, Note_on_c, 9, 36, 100
1, 167999, Note_on_c, 9, 57, 0
1, 167999, Note_on_c, 9, 36, 0
1, 168240, Note_on_c, 9, 46, 100
1, 168240, Note_on_c, 9, 36, 100
1, 168479, Note_on_c, 9, 46, 0
1, 168479, Note_on_c, 9, 36, 0
1, 168480, Note_on_c, 9, 38, 100
1, 168480, Note_on_c, 9, 44, 20
1, 168480, Note_on_c, 9, 36, 100
1, 168599, Note_on_c, 9, 38, 0
1, 168600, Note_on_c, 9, 38, 100
1, 168719, Note_on_c, 9, 38, 0
1, 168720, Note_on_c, 9, 45, 100
1, 168959, Note_on_c, 9, 44, 0
1, 168959, Note_on_c, 9, 36, 0
1, 168959, Note_on_c, 9, 45, 0
1, 168960, Note_on_c, 9, 57, 100
1, 168960, Note_on_c, 9, 36, 100
1, 169319, Note_on_c, 9, 57, 0
1, 169320, Note_on_c, 9, 45, 85
1, 169439, Note_on_c, 9, 36, 0
1, 169439, Note_on_c, 9, 45, 0
1, 169440, Note_on_c, 9, 41, 100
1, 169619, Note_on_c, 9, 41, 0
1, 169620, Note_on_c, 9, 57, 100
1, 169620, Note_on_c, 9, 36, 100
1, 169679, Note_on_c, 9, 57, 0
1, 169679, Note_on_c, 9, 36, 0
1, 169920, Note_on_c, 9, 48, 100
1, 170159, Note_on_c, 9, 48, 0
1, 170160, Note_on_c, 9, 47, 100
1, 170279, Note_on_c, 9, 47, 0
1, 170280, Note_on_c, 9, 45, 100
1, 170399, Note_on_c, 9, 45, 0
1, 170400, Note_on_c, 9, 43, 100
1, 170520, Note_on_c, 9, 41, 100
1, 170639, Note_on_c, 9, 41, 0
1, 170700, Note_on_c, 9, 57, 100
1, 170719, Note_on_c, 9, 43, 0
1, 170720, Note_on_c, 9, 36, 100
1, 170879, Note_on_c, 9, 57, 0
1, 170879, Note_on_c, 9, 36, 0
1, 171060, Note_on_c, 9, 45, 85
1, 171119, Note_on_c, 9, 45, 0
1, 171120, Note_on_c, 9, 41, 100
1, 171359, Note_on_c, 9, 41, 0
1, 171360, Note_on_c, 9, 57, 100
1, 171360, Note_on_c, 9, 36, 100
1, 171839, Note_on_c, 9, 57, 0
1, 171839, Note_on_c, 9, 36, 0
1, 171840, Note_on_c, 9, 46, 100
1, 171840, Note_on_c, 9, 36, 100
1, 172079, Note_on_c, 9, 46, 0
1, 172079, Note_on_c, 9, 36, 0
1, 172080, Note_on_c, 9, 38, 100
1, 172080, Note_on_c, 9, 44, 20
1, 172080, Note_on_c, 9, 36, 100
1, 172199, Note_on_c, 9, 38, 0
1, 172200, Note_on_c, 9, 38, 100
1, 172319, Note_on_c, 9, 44, 0
1, 172319, Note_on_c, 9, 36, 0
1, 172319, Note_on_c, 9, 38, 0
1, 172560, Note_on_c, 9, 38, 100
1, 172799, Note_on_c, 9, 38, 0
1, 172800, Note_on_c, 9, 46, 115
1, 172800, Note_on_c, 9, 36, 100
1, 173039, Note_on_c, 9, 36, 0
1, 173040, Note_on_c, 9, 44, 20
1, 173279, Note_on_c, 9, 46, 0
1, 173279, Note_on_c, 9, 44, 0
1, 173280, Note_on_c, 9, 57, 100
1, 173280, Note_on_c, 9, 36, 100
1, 174239, Note_on_c, 9, 57, 0
1, 174239, Note_on_c, 9, 36, 0
1, 174240, End_track
0, 0, End_of_file
